,Max,Min,Mean,Stddev,RMS,skew,kurtosis,crest_factor,form_factor,fault
0,0.35986153846153845,-0.3260658461538461,0.01903676502403847,0.12167377103074645,0.12309527794959703,-0.03508724744701261,-0.17357845882723802,2.9234390177736023,6.466186759891177,B007
1,0.3339932307692307,-0.4188996923076923,0.016644003605769214,0.12385759330362373,0.12491094875675285,-0.19654336331255545,0.0664067704098601,2.6738507240036844,7.504861913960156,B007
2,0.4107636923076923,-0.3611132307692308,0.023228222956730743,0.12770625514870235,0.12974016840509414,0.08757463598430927,-0.4100591457052878,3.166048706096515,5.585453895753134,B007
3,0.4677156923076923,-0.3367052307692308,0.021281417668269204,0.13715858730119335,0.13873357649759746,0.24704452807462735,0.13951845188746506,3.371322963881004,6.519000691596338,B007
4,0.4685501538461538,-0.4380923076923077,0.019682576322115376,0.15851781373138374,0.15965826667816369,0.006539811773875171,-0.4070302296192581,2.9347065053051646,8.111654900520891,B007
5,0.4625003076923077,-0.3567323076923076,0.021257989182692342,0.14029716290569194,0.14183079375354132,0.09313691035943053,-0.1704686375671467,3.260930122805293,6.6718819232919735,B007
6,0.4894116923076922,-0.3963692307692308,0.021493903846153843,0.14059342859798996,0.1421590546991282,-0.017023911509579232,0.1962519649340666,3.4427050274321607,6.613924381380649,B007
7,0.5847489230769229,-0.5430258461538462,0.02042556490384617,0.17203894008540255,0.1731637863395061,-0.023028698177579614,-0.07010836948790322,3.3768545689481533,8.47779668051673,B007
8,0.4449766153846154,-0.3191815384615385,0.022049668269230792,0.11778744914625999,0.11977696912648315,-0.0382873662678847,0.056252772611357305,3.715043205966625,5.432143815679346,B007
9,0.44685415384615385,-0.5789076923076923,0.022284971754807696,0.15600343239487716,0.15751166374042347,-0.09783082571410257,0.1970582733329476,2.836959138356648,7.068066564026152,B007
10,0.36403384615384615,-0.4443507692307692,0.020929786658653842,0.1293360816074477,0.13095626068068622,-0.2720828375329919,0.08105718832196153,2.7798124676259546,6.256932419640298,B007
11,0.4372578461538461,-0.3778024615384615,0.021308716947115336,0.14765332431213574,0.1491116194900009,-0.03604276149917835,-0.397254686568731,2.9324196709108077,6.997681740297688,B007
12,0.4535298461538461,-0.3761335384615385,0.0223821490384615,0.1393439153065713,0.1410628430216288,-0.05885330315435878,0.18991108372641866,3.2150907810946894,6.302470901218035,B007
13,0.43412861538461534,-0.4912892307692307,0.020545763221153854,0.13763527282541071,0.13909384325439464,-0.17191209011726535,0.4217309750274088,3.121120282733284,6.769952605663443,B007
14,0.4103464615384616,-0.3759249230769231,0.020584063701923082,0.14533524876123344,0.14671540795416665,-0.03751664704982228,-0.2398009687028053,2.796887302161559,7.1276211577434845,B007
15,0.4395526153846154,-0.4522781538461538,0.02113636478365387,0.15482768293750554,0.15618882016105642,-0.009628552269193355,-0.3216636238657471,2.8142386563350956,7.389578187155791,B007
16,0.4923323076923077,-0.3721698461538462,0.018571454927884624,0.1493547242608749,0.15043253830184253,0.13066376990305925,-0.15741908537246774,3.2727780389136565,8.100202105111938,B007
17,0.3289864615384616,-0.3156350769230769,0.02191643149038462,0.14130770608707818,0.1429289960013947,0.011348719220015343,-0.7685933823042483,2.3017475161950443,6.521545082013093,B007
18,0.3669544615384615,-0.49087200000000003,0.019208506009615368,0.14112827458026134,0.1423611822386109,-0.19183121469222245,-0.02753455206657085,2.5776300517328576,7.411361516993978,B007
19,0.371544,-0.35631507692307696,0.017000524038461546,0.13154687844438095,0.13257714750641286,-0.07062975909139367,-0.2251591365291894,2.802473933013441,7.798415343343168,B007
20,0.38760738461538463,-0.2958166153846153,0.01876927283653846,0.1323633943296821,0.1336235170908412,0.09365693761951162,-0.5586184299019159,2.9007422724240803,7.119269790287987,B007
21,0.3289864615384616,-0.3477618461538461,0.01667028425480769,0.12009385984529365,0.12118724785501454,-0.2583537057290327,-0.123366818250481,2.714695377289638,7.269656953813746,B007
22,0.4614572307692307,-0.330864,0.017941941706730746,0.12652577970577894,0.12773039041296494,0.1304600624753641,-0.2947134522407855,3.612744228505792,7.119095162651662,B007
23,0.4760603076923077,-0.4076344615384615,0.017412050480769232,0.1457283023026898,0.14669416686400985,-0.02150260608170751,0.3337481188065454,3.2452572441658893,8.42486455147982,B007
24,0.39970707692307694,-0.39344861538461534,0.017581957932692332,0.14442916583835494,0.1454253702307526,0.04673815356357877,-0.4728036976103258,2.748537454564116,8.271284164566513,B007
25,0.4823187692307692,-0.4570763076923077,0.016639317908653837,0.13928139657949995,0.1402042427939898,0.06785991529237728,0.4739347647893721,3.4401153604136514,8.426081138883214,B007
26,0.3248141538461538,-0.3936572307692308,0.0182202313701923,0.12252575586457932,0.12381388039074848,-0.17185653877193754,0.16642175929048575,2.6234066230786213,6.7954065936453425,B007
27,0.40346215384615386,-0.3826006153846154,0.018574103365384603,0.13270077815083853,0.1339301947423319,0.11543294195025923,0.15895693652985576,3.0124809018785803,7.210587348831559,B007
28,0.4191083076923077,-0.3834350769230769,0.016484893629807696,0.14228084634208418,0.14316361821200296,-0.09636606796233904,-0.08809408307127597,2.927477755358724,8.684533939190061,B007
29,0.4768947692307692,-0.3158436923076923,0.01950839062500001,0.1303896502486432,0.13177797694451368,0.12185352803228085,-0.18765571594900354,3.6189261687601264,6.754938399461827,B007
30,0.3750904615384615,-0.3289864615384616,0.017720084134615385,0.11779278422481045,0.11906129285267004,-0.0889209838785721,0.38702965661895616,3.1503980223245973,6.7190026835193875,B007
31,0.3214763076923077,-0.31855569230769226,0.017205676081730757,0.11282279817052727,0.11407273306196987,-0.006956769415698323,-0.552452937966335,2.8181695928830437,6.6299477288831445,B007
32,0.4124326153846154,-0.4645864615384615,0.01935518870192308,0.15679096657826866,0.15790510851977052,-0.03756328822574675,-0.17160460871717698,2.611901662022396,8.158283081170968,B007
33,0.3686233846153846,-0.3321156923076923,0.018383212139423077,0.11971814229894108,0.12106353524860175,0.06363614766878516,-0.1630349718850157,3.044875435517584,6.585548506453841,B007
34,0.4182738461538461,-0.4057569230769231,0.01890821394230769,0.1471207182986848,0.14825953289606686,-0.011047375926708996,-0.2513447731683733,2.8212273300973183,7.8410120251671,B007
35,0.4007501538461538,-0.40659138461538463,0.016669876802884613,0.16074682968397658,0.1615307838064134,0.013913571583277305,-0.34142263790625593,2.4809522024385955,9.68998065891294,B007
36,0.496296,-0.553248,0.020005278245192326,0.13851273269011544,0.1398829945507489,-0.1270420016269534,0.7133081569896058,3.5479366279933773,6.9923043726905245,B007
37,0.4591624615384615,-0.3988726153846154,0.01596131790865386,0.15994732182323065,0.160664015532494,0.043516090349623414,-0.13146529072867394,2.8579048022461304,10.06583644608605,B007
38,0.4831532307692308,-0.35923569230769226,0.018840169471153825,0.1423061365708898,0.14347896043879355,0.295962329106635,0.3101937524227294,3.367415189597351,7.615587569871606,B007
39,0.4430990769230769,-0.3513083076923077,0.017663448317307675,0.13262080613011698,0.1337277068229034,0.1459829749772311,-0.05630815398202184,3.313442572599232,7.570872030229182,B007
40,0.3919883076923077,-0.3644510769230769,0.017612109374999994,0.1400900195577878,0.14112489053565952,-0.021312758255193274,-0.3765493807383189,2.777598666007538,8.01294652053338,B007
41,0.4134756923076923,-0.4047138461538461,0.020737265624999987,0.13381874818059725,0.1353514085589481,-0.31413472869029885,0.17776371434804528,3.0548311000961315,6.526965078547968,B007
42,0.4226547692307692,-0.4320424615384615,0.01804543449519229,0.15211040888943653,0.15310329489951668,0.060845172506547425,-0.2742282710775141,2.760585717689237,8.484322998169251,B007
43,0.3517255384615385,-0.3364966153846153,0.019387581129807662,0.13437287218649538,0.1356993522535958,-0.04414061194330765,-0.4510908527270376,2.5919470699037057,6.999292554601523,B007
44,0.4487316923076923,-0.4885772307692308,0.020352223557692315,0.1400052277888256,0.14140910422403172,-0.1414450762860595,0.6166896795385219,3.173287142790858,6.948091142138855,B007
45,0.4199427692307692,-0.3452584615384615,0.01869735757211537,0.13590087953703206,0.13711529476464987,-0.04620089342475141,-0.17743930388121054,3.0626982201480555,7.333404960342588,B007
46,0.3425464615384616,-0.3765507692307693,0.02078636358173076,0.12128661264756199,0.12299654325247544,-0.11827826545354475,-0.02332058549443561,2.785008850495215,5.91717463080352,B007
47,0.4819015384615384,-0.3644510769230769,0.017205879807692306,0.1350521162054386,0.13607830391260578,0.008055550695040863,0.13478926878613207,3.5413546803980767,7.908825670848211,B007
48,0.4925409230769231,-0.3696664615384616,0.021494515024038475,0.13743270117084094,0.1390371046212474,0.13625343673770612,-0.21166794201447606,3.5425142404875265,6.468492285857798,B007
49,0.4504006153846154,-0.4289132307692308,0.017991650841346126,0.13971805467521284,0.14080401519139069,-0.12636889683345975,-0.03146674295136265,3.1987767875255497,7.826075352007876,B007
50,0.3800972307692307,-0.3062473846153846,0.017949072115384653,0.13280288017578862,0.1339460746932678,-0.018014668286991158,-0.6093849556393218,2.8376884626118466,7.462562623415995,B007
51,0.4017932307692308,-0.4113895384615384,0.01969439242788459,0.1316338666783092,0.13303541854567033,-0.04625858681319305,0.0164456442464056,3.020197441866185,6.754989727802428,B007
52,0.33295015384615384,-0.3425464615384616,0.017226863581730763,0.1192450624136788,0.12042534459502074,-0.0590507068884952,-0.0015032814883912948,2.764784730040294,6.990555420821518,B007
53,0.3832264615384615,-0.3972036923076923,0.020976643629807674,0.1312046804889112,0.13280766755263998,-0.02409979467407085,-0.37811138913056297,2.8855748210965677,6.331216275416013,B007
54,0.4458110769230769,-0.39928984615384616,0.020320442307692317,0.1390695941723362,0.14047912776037516,-0.1018497301184352,0.13923593662465006,3.1735040217755857,6.913192421367557,B007
55,0.4101378461538461,-0.4522781538461538,0.01954933954326923,0.14626733944418122,0.14749718151577915,-0.12544176660689246,-0.4884650202335074,2.7806487008022573,7.544867753169798,B007
56,0.4328769230769231,-0.4424732307692308,0.018589790264423086,0.12985184545134054,0.13111298852087316,0.07579509817513036,0.442001645284821,3.301556374851522,7.0529568465221235,B007
57,0.31626092307692305,-0.3698750769230769,0.02021593088942309,0.12202365122458858,0.12362813000068545,0.02776539785602616,-0.5257848598496304,2.5581631225447605,6.115381511586354,B007
58,0.40200184615384615,-0.3517255384615385,0.019033301682692308,0.14983881624774464,0.15097023536992615,-0.08631559113718054,-0.3383292504346125,2.6627887620947988,7.931899461626725,B007
59,0.3657027692307692,-0.3262744615384616,0.018705302884615416,0.13176846068174966,0.13302578548093422,0.022787611125173638,-0.3990515700982793,2.749111895176016,7.111661666293796,B007
60,0.4412215384615384,-0.3588184615384616,0.020757638221153854,0.12990739469365226,0.13149270070636626,-0.023749476249690808,0.16753137308708865,3.3554831263738474,6.334665789307554,B007
61,0.4245323076923077,-0.34442399999999995,0.02121744771634614,0.12949205393708751,0.13115638350042058,-0.00080059887128067,-0.17863417650587102,3.2368406047956206,6.181534426469983,B007
62,0.4942098461538461,-0.4017932307692308,0.02026645492788461,0.13588983062415,0.13732713502542668,0.1961523811196762,0.8811033705556603,3.5987778093698752,6.776080745946264,B007
63,0.4059655384615384,-0.3331587692307693,0.019995295673076955,0.13796434493654727,0.13933909815800674,0.011880413573056406,-0.3845645511738711,2.913507722011984,6.968594035127097,B007
64,0.412224,-0.3842695384615384,0.018709988581730785,0.1396883506122502,0.14086817762106518,8.637419495184671e-05,-0.466725395124425,2.9263103062842264,7.529036001583389,B007
65,0.3481790769230769,-0.32669169230769235,0.01680718810096153,0.12075517652148783,0.12186079836097492,0.0186402935463946,-0.3285716882391112,2.8571869018263287,7.250516721116681,B007
66,0.5246676923076923,-0.5298830769230769,0.0203866532451923,0.15044603630260714,0.15174821891696624,0.007267441273632492,0.27785240395720523,3.457488305643841,7.443508117388143,B007
67,0.5219556923076923,-0.4912892307692307,0.017811760817307683,0.14574676644974266,0.14676046639413534,0.06478235205916326,0.2936153868732609,3.556514265265036,8.239526001917133,B007
68,0.4316252307692308,-0.327108923076923,0.017160041466346143,0.13516331240797694,0.13618277095773162,0.120985920713663,-0.2152659557796808,3.169455487898676,7.936039736547839,B007
69,0.4220289230769231,-0.2918529230769231,0.018447589543269232,0.12807319143021825,0.1293330492178595,0.016983705542459943,-0.3253579544584144,3.2631173982917683,7.010837319125407,B007
70,0.4504006153846154,-0.3980381538461538,0.018039118990384618,0.12185845600409427,0.12312754226864173,0.03959669244053142,0.999040330295128,3.6580005341284547,6.82558512609581,B007
71,0.31542646153846154,-0.33587076923076925,0.019283680889423067,0.12202483903470406,0.12348028431519648,-0.18581870803398765,-0.5646024775853946,2.5544682156165286,6.403356549159883,B007
72,0.5509532307692308,-0.33941723076923075,0.01808190144230772,0.12714285116623072,0.12836071568891946,0.15274280136469112,0.6253924418636045,4.292226229904006,7.098850532863942,B007
73,0.3909452307692307,-0.45561599999999997,0.02015033112980769,0.14673886153456744,0.1480449313510797,-0.096681367702664,-0.37735037324114573,2.6407201327421843,7.347022259702816,B007
74,0.4554073846153846,-0.39762092307692304,0.015080406850961531,0.1328021039248909,0.13359114653283805,0.2695585895153017,0.24895798924086066,3.4089638156031614,8.85859034528105,B007
75,0.44226461538461537,-0.4495661538461537,0.019190578124999982,0.15029079998318834,0.15143825446107792,0.012383221257055677,0.031326761180731744,2.9204286391077265,7.891281517141793,B007
76,0.4385095384615385,-0.4170221538461538,0.017080995793269216,0.1406270579734476,0.14159243405424746,0.02883247271756342,0.26166655916818105,3.096984251951873,8.289471864985886,B007
77,0.360696,-0.3682061538461538,0.01859834675480768,0.1383253828278551,0.13950313464579156,-0.0008298545084766162,-0.43796477120438704,2.585576309205044,7.5008352347086955,B007
78,0.3615304615384615,-0.35339446153846155,0.02049299819711535,0.14400397124528874,0.1453851972952983,-0.06274841128662563,-0.3686821409939984,2.486707507120832,7.0943839401578215,B007
79,0.496296,-0.3832264615384615,0.020939361778846168,0.15225031765489058,0.15360982788700842,-0.011724798736750064,-0.15488819129997597,3.2308870260896527,7.335936477404559,B007
80,0.3721698461538462,-0.3859384615384616,0.01643742548076924,0.122773963454457,0.1238099951399035,0.02084991601314041,-0.24545450830854465,3.005975775488075,7.532201151862467,B007
81,0.5384363076923077,-0.4405956923076923,0.01683326502403847,0.14053379334291508,0.1414702054156433,0.053399386047741186,0.41844257147643693,3.8060049896044688,8.404204722828228,B007
82,0.39595199999999997,-0.3784283076923077,0.017481521033653854,0.14237672631531156,0.1433769149702273,-0.04743480460804513,-0.3415123253708985,2.761616122666754,8.201627003406108,B007
83,0.3805144615384615,-0.3490135384615385,0.01759357031250004,0.11587847127483432,0.11715050454762115,-0.01868104737389864,-0.06493346581212478,3.248082140216341,6.65871124886954,B007
84,0.4378836923076923,-0.3625735384615385,0.01963490444711541,0.145686384642105,0.146933063228855,0.05985357326003745,-0.29308442360811204,2.9801576492396973,7.483258379209536,B007
85,0.5200781538461539,-0.4743913846153846,0.01846796213942308,0.16822401742675666,0.1691530360651415,0.01580286940036129,-0.08385380931361919,3.0746013547511484,9.159269159646742,B007
86,0.3615304615384615,-0.29227015384615385,0.01858795673076924,0.14235164392057353,0.14349116212877286,0.03447215264829785,-0.6434226382726069,2.5195312113648805,7.719576939365656,B007
87,0.3344104615384615,-0.34984799999999994,0.020349982572115344,0.12655349131442425,0.12811817801693798,-0.0642771871444864,-0.2996958583138656,2.6101718484807868,6.2957389552014895,B007
88,0.5086043076923077,-0.4024190769230769,0.017533878605769236,0.14144782442839746,0.14246187340102778,0.09250539015893586,0.29632436073576995,3.5701082370340247,8.124949225675204,B007
89,0.39052800000000004,-0.3554806153846154,0.01869206069711537,0.1493827080010048,0.15047522853185774,0.04574821555737943,-0.5709234699423309,2.5952976035342568,8.050221480132452,B007
90,0.3725870769230769,-0.32314523076923074,0.020973791466346158,0.12800769320877028,0.12965287318738622,0.0496427676390641,-0.5050046248213818,2.8737278840290714,6.1816612125386525,B007
91,0.33587076923076925,-0.3367052307692308,0.01936456009615384,0.11521752566713755,0.11677799649334634,-0.033695405567948235,-0.3473873465786035,2.8761477274522864,6.0305008692937285,B007
92,0.5361415384615384,-0.5280055384615384,0.018177652644230772,0.1691843012058144,0.17007587236767072,0.07603258024110497,0.18104854992694275,3.15236682897916,9.35631655507783,B007
93,0.40972061538461535,-0.3604873846153846,0.019535078725961542,0.12557558519746315,0.12702538038592515,0.2374093850136764,-0.04733233510607526,3.2255019755879726,6.502424800423879,B007
94,0.4045052307692307,-0.3707095384615384,0.01738251021634617,0.1530262526167222,0.15393608236564427,-0.0012562909740842932,-0.5069467580239633,2.6277479883397947,8.855802783931967,B007
95,0.5567944615384616,-0.417648,0.01897666586538462,0.1249984661412072,0.12637037615847094,0.08719741974492254,1.1312062052026324,4.4060521022761705,6.659250737453488,B007
96,0.3974123076923077,-0.33962584615384617,0.017006432091346172,0.13806093079708795,0.13903749588656447,-0.05332816696164016,-0.4268504959713551,2.8583103080088668,8.175582928844584,B007
97,0.44748,-0.3800972307692307,0.019989998798076915,0.14219682314156645,0.14352627122499734,0.0575015829119457,-0.030869523686918757,3.1177567436313667,7.179903944706835,B007
98,0.4126412307692308,-0.4057569230769231,0.01817337439903846,0.1441248627085122,0.14519628939794926,-0.10185341858224786,-0.3054339908906769,2.841954381067392,7.989506307955197,B007
99,0.38760738461538463,-0.3540203076923077,0.017794240384615384,0.12537744860953254,0.12657325362007235,0.07926373914753976,-0.1689565819477412,3.0623166706201883,7.113158577395952,B007
100,0.3894849230769231,-0.36403384615384615,0.02063743990384612,0.1502132462615194,0.15155160211314134,-0.06652155566011822,-0.7591482347807088,2.5699822215416233,7.3435272407454635,B007
101,0.3926141538461537,-0.33712246153846154,0.018333503004807686,0.125388555616113,0.12666117563488785,0.012762440957727321,-0.21981796623291805,3.0997197987321634,6.908727459322578,B007
102,0.39344861538461534,-0.3713353846153846,0.0204644765625,0.13200315039538127,0.1335163288817579,-0.03299718628848233,-0.2588314003851733,2.9468202030408843,6.524297285297736,B007
103,0.3521427692307692,-0.3508910769230769,0.020430046875000014,0.12495948582759107,0.1265583304808522,-0.07440933103651215,-0.3580651845273013,2.7824542872272406,6.194715619361597,B007
104,0.3698750769230769,-0.3452584615384615,0.019441364783653856,0.1278776029966689,0.1292852605575966,-0.013373745741358987,-0.15803966832647864,2.8609222375995254,6.650009502743274,B007
105,0.3873987692307692,-0.3671630769230769,0.01979381069711536,0.13894658965793544,0.14028220148225845,-0.06654340246200033,-0.4137032066821793,2.761567505623753,7.087175058348032,B007
106,0.3346190769230769,-0.2943563076923077,0.020175389423076957,0.11821586499673492,0.11986821773684445,0.04506264501696548,-0.1768108482337456,2.7915579562356627,5.941308751133058,B007
107,0.4424732307692308,-0.3508910769230769,0.019631441105769244,0.14154030142323984,0.14282677021055307,0.04174428078584519,-0.3426903796716565,3.0979712704904236,7.275409351816737,B007
108,0.473556923076923,-0.40033292307692303,0.01800407812499999,0.15594000987602358,0.15690024269895791,0.0732951090784238,0.1967909911609489,3.018203891408437,8.71470572442642,B007
109,0.469176,-0.3786369230769231,0.02057815564903848,0.13908923279769805,0.1405360550642418,0.08067832062693316,-0.21884582919710385,3.3384742426812135,6.82938050722774,B007
110,0.38719015384615385,-0.38072307692307694,0.02113330889423077,0.14424462180109898,0.14571482012836626,-0.03923831753864554,-0.21336081487914305,2.657177584991437,6.8950310080474555,B007
111,0.3949089230769231,-0.3844781538461538,0.019481498798076896,0.14495535577479132,0.1461884550095902,0.08439708331537155,-0.4375838001808039,2.701368743865693,7.503963453983383,B007
112,0.5023458461538461,-0.3775938461538461,0.02016601802884616,0.13938346446335584,0.14076734719627285,0.13202962512227193,0.2806644108172169,3.568624799424699,6.980423551883888,B007
113,0.4472713846153846,-0.33253292307692306,0.01918589242788464,0.14116330042730732,0.14239282221823288,0.16452508708460456,0.0028171493012973947,3.141109064682287,7.421746095650997,B007
114,0.4032535384615384,-0.2995716923076923,0.01854904507211536,0.1379057142078827,0.13908084279407248,0.08783401541454201,-0.5114771989704363,2.8994182833548714,7.498005544401401,B007
115,0.4597883076923077,-0.3500566153846153,0.020603417668269217,0.14807312832921432,0.14942804416819838,0.14240933307349915,-0.4566955270366329,3.0769880597163093,7.252585302793168,B007
116,0.5553341538461538,-0.457284923076923,0.01771845432692306,0.1536648002050376,0.1546083924036053,0.07159805678715797,0.3956939753696331,3.5918758691730885,8.72583971214007,B007
117,0.3924055384615385,-0.30562153846153844,0.019005391225961538,0.1146016196461862,0.11611162907776965,0.07212883610739439,-0.13424190383778667,3.379554154723914,6.109404836621312,B007
118,0.3613218461538461,-0.31041969230769234,0.0200331887019231,0.12999630212267874,0.13146811114406584,-0.11675616413279795,-0.5241818371471192,2.74836112734518,6.562515488682313,B007
119,0.5265452307692308,-0.44268184615384615,0.018554138221153836,0.14572623479515448,0.1468320576002412,-0.0022165398092383443,0.10107782699748658,3.5860372685287887,7.913709375778817,B007
120,0.38719015384615385,-0.33357600000000004,0.018292554086538456,0.12069840450089207,0.12201842368748367,-0.05550100621468591,0.10118589365159324,3.173210586934265,6.670387476250645,B007
121,0.4376750769230769,-0.314592,0.019587028846153855,0.11604823370771565,0.11763372259041754,0.16398615814070824,0.03757838520112911,3.7206599203443886,6.005695070670012,B007
122,0.3819747692307692,-0.2845513846153846,0.02127978786057696,0.12001561671530488,0.12182984637001025,0.16725546127928553,0.006730223739751295,3.1353135591312413,5.725143839225618,B007
123,0.3919883076923077,-0.3364966153846153,0.016591238581730762,0.12821006188993106,0.12921701362023338,0.04533344495958768,-0.34889634460708585,3.0335657566298098,7.788268065924814,B007
124,0.4526953846153846,-0.41973415384615387,0.02053374338942307,0.15341039886293942,0.15470424022018256,0.005894582398320642,-0.2594817521585395,2.926198945620926,7.5341469544160535,B007
125,0.3811403076923077,-0.3367052307692308,0.018968313100961563,0.12112006479361202,0.12253791559014353,0.053260377946809205,0.12755761318444048,3.110386739130768,6.460137753838093,B007
126,0.4128498461538462,-0.3488049230769231,0.016740365985576884,0.13533178805070345,0.1362976421956315,-0.08520347019337167,-0.2082594347165041,3.0290314601427384,8.141855579087245,B007
127,0.4664640000000001,-0.4072172307692307,0.018813481370192287,0.14889731534846212,0.1500090224210679,-0.03440495534613525,-0.06693298500481326,3.109572960822708,7.973485580331732,B007
128,0.431208,-0.3773852307692308,0.0197074308894231,0.13921765934202987,0.14053829443783866,-0.1296429787191811,-0.2392792931181269,3.0682598058049373,7.131233656298906,B007
129,0.4547815384615384,-0.3490135384615385,0.017681987379807702,0.13439436524760018,0.1354874885998575,-0.053272269099652055,-0.2784928679366985,3.3566312517952803,7.662458166584831,B007
130,0.3915710769230769,-0.33023815384615385,0.0197447127403846,0.13532403377691438,0.13669149353987858,0.15448185037565748,-0.32913254864123553,2.8646338318692766,6.922941616683962,B007
131,0.3367052307692308,-0.2490867692307692,0.018305592548076927,0.09571073649788923,0.0973996609578235,0.12259659010913546,0.22233835433689372,3.4569445874666096,5.320759800701219,B007
132,0.4076344615384615,-0.3792627692307693,0.02036729927884617,0.14569313638111933,0.1470394092559952,-0.04842417495633479,-0.24057032450248486,2.772280326757645,7.219386686614504,B007
133,0.3963692307692308,-0.3214763076923077,0.01879657211538464,0.11955919919137048,0.12097005355669176,0.0907000023711857,0.02124473013912187,3.2765896940227046,6.435750774880919,B007
134,0.4695932307692308,-0.3903193846153846,0.018860134615384643,0.14048908439109653,0.14168137816293516,-0.017857306416389954,0.12038761864339652,3.3144315566241414,7.512214575995785,B007
135,0.4360061538461539,-0.4435163076923077,0.017132945913461525,0.1380129828582956,0.1390054679407151,-0.0852384562534943,0.2739590704431163,3.1366115326636472,8.113343066792568,B007
136,0.5290486153846153,-0.4408043076923077,0.01823856670673077,0.15122926755398994,0.1522517730981187,0.18160558701674231,0.23288478504827825,3.474827285220973,8.347792649843019,B007
137,0.4128498461538462,-0.3269003076923077,0.01845614603365386,0.1314603636946112,0.1326860194773277,-0.01158098144480478,-0.4248956433241093,3.111479625209426,7.18925929798027,B007
138,0.3926141538461537,-0.4068,0.015447113581730771,0.14023162611596976,0.14101176641853938,-0.0937279122882163,-0.2678070633971088,2.78426519869859,9.128680621945664,B007
139,0.4045052307692307,-0.31396615384615384,0.017317114182692328,0.12528388407572494,0.12641442116039045,-0.06541521929394924,-0.3148272021110987,3.199834536725899,7.299970412318233,B007
140,0.4453938461538462,-0.4295390769230769,0.0155245294471154,0.15684843500698795,0.15753862302046368,-0.02430446690644493,-0.00966616191376346,2.8272041332746136,10.147722902463613,B007
141,0.3648683076923077,-0.3573581538461538,0.015614576322115369,0.13819768557714307,0.13900994322617255,-0.09131816325751516,-0.45073253914205796,2.624764094023534,8.902575411494759,B007
142,0.3863556923076923,-0.3867729230769231,0.016129799278846134,0.13089859336281245,0.13182518467983564,-0.010965077321540413,-0.1754006966251569,2.930818517311665,8.172772791582187,B007
143,0.41556184615384617,-0.3705009230769231,0.017231956730769233,0.13641122572966516,0.137429221568279,-0.03598135880631947,-0.19007348965588955,3.0238244924306907,7.975253403630395,B007
144,0.3210590769230769,-0.34296369230769225,0.013017477764423071,0.10768305762834812,0.10841481337654364,-0.006337392704070291,-0.01930538472159737,2.961394913884899,8.328403961083971,B007
145,0.4579107692307692,-0.3369138461538461,0.016442926081730758,0.13292760240165347,0.13387629247035354,0.15704329739145909,0.054899692464108966,3.4204022294101994,8.141877656380117,B007
146,0.3738387692307692,-0.33899999999999997,0.014974876802884616,0.13515712926496531,0.13591856834210256,0.07405096038790854,-0.3785947972338062,2.7504613519017456,9.076439835279349,B007
147,0.3577753846153846,-0.2812135384615385,0.016515656249999986,0.1267660986983042,0.12777604497343492,0.1538495591585665,-0.4651043712269689,2.8000192421808587,7.736661688719457,B007
148,0.41973415384615387,-0.39866399999999996,0.015455873798076919,0.157252758700338,0.1579340536305922,0.06492376808994853,-0.2208059435083518,2.6576545348979153,10.218384006877887,B007
149,0.4009587692307692,-0.30666461538461537,0.01739208533653844,0.11442274644084385,0.11568173506438224,0.08902630597377319,-0.3245178236618385,3.46605079019274,6.651401072725327,B007
150,0.4579107692307692,-0.4211944615384615,0.01746542668269232,0.16134557719136008,0.16220978437630304,-0.01909439995620162,-0.3537031604262979,2.8229540590996836,9.287479047794909,B007
151,0.4159790769230769,-0.3861470769230769,0.01690640264423078,0.14628264514304473,0.14718539886184295,-0.02043419509420443,-0.4031563899667132,2.826225156433756,8.705896929058955,B007
152,0.4779378461538461,-0.3682061538461538,0.017718454326923073,0.14436524439674114,0.1453785216536564,0.07756496458386451,-0.1944789968035341,3.2875409704087164,8.204921206516003,B007
153,0.36632861538461536,-0.31542646153846154,0.01834063341346151,0.12569500251394644,0.12696528482963285,0.040218019198652866,-0.34402157540685074,2.8852659675924017,6.922622679783998,B007
154,0.3980381538461538,-0.3381655384615385,0.018071715144230786,0.13590654283300288,0.13703699350578116,0.15177846775628165,-0.3260260270213031,2.9046036669606434,7.582954490599574,B007
155,0.4172307692307693,-0.3577753846153846,0.01944543930288461,0.13472680369971546,0.13605774823417854,0.0047032661200188345,-0.245014557082869,3.066571177649097,6.9968976331635355,B007
156,0.4560332307692308,-0.4443507692307692,0.01748253966346159,0.13895476174551635,0.13998288866949382,-0.02652490521480389,0.4136191000009899,3.2577783978007964,8.007011072999724,B007
157,0.4226547692307692,-0.3202246153846154,0.017668948918269256,0.12798902638027246,0.1291409515720471,-0.014085294865507159,-0.1664213851957843,3.2728175229138854,7.308920987287396,B007
158,0.3778024615384615,-0.3164695384615385,0.017251514423076927,0.11402135576202388,0.11526399332840398,-0.012163992029402944,0.21233978509812346,3.2777144937365392,6.681384051374539,B007
159,0.4105550769230769,-0.3919883076923077,0.0184742776442308,0.12079107275036732,0.12213735575922613,0.11547328879180654,0.4678268481225518,3.3614210359394003,6.611211442812081,B007
160,0.5202867692307692,-0.3692492307692308,0.01673160576923076,0.15011854398701935,0.15097521810132486,0.20833469658439213,0.11785371363575026,3.446173324164938,9.023354971640957,B007
161,0.3671630769230769,-0.39052800000000004,0.014949614783653841,0.1313844202736609,0.13216845153786433,0.020930884717864653,-0.5243035619551204,2.7779933308660283,8.840926903506539,B007
162,0.36904061538461536,-0.3702923076923077,0.017755939903846128,0.13150770934035833,0.13263733288494922,-0.0059766627622238845,-0.3262594145429576,2.7823283788790025,7.470026008379233,B007
163,0.38406092307692297,-0.3629907692307692,0.016052179687499998,0.13701476601578108,0.13788540722730874,0.12580300791402674,-0.38931030801460986,2.7853630837365237,8.589824554149589,B007
164,0.4645864615384615,-0.3913624615384615,0.018768254206730752,0.15449309571300854,0.15555402688878747,-0.020768273928954573,0.04242758514617817,2.9866566030503034,8.288145779323576,B007
165,0.3314898461538462,-0.39344861538461534,0.020442474158653863,0.126970346310125,0.1285442335148652,-0.16660459426160926,-0.06509459685739083,2.5787998192506376,6.288095683391088,B007
166,0.3544375384615384,-0.35151692307692306,0.020130162259615385,0.12375244104700266,0.12531932958855613,-0.03128495714046629,-0.2151181053968947,2.828275092319875,6.225450543931707,B007
167,0.4464369230769231,-0.417648,0.01903472776442306,0.12317150967228915,0.12457417874788088,-0.04785753170278095,0.43557295937532015,3.5837035215816533,6.5445737017955565,B007
168,0.4841963076923077,-0.37550769230769226,0.02109439723557693,0.12649330269746376,0.1281791858276519,0.2602727361292698,0.2552714106871772,3.777495578286415,6.076456435146213,B007
169,0.3488049230769231,-0.2860116923076923,0.021538927283653853,0.12368913654502894,0.12549098555536642,0.04629649319459435,-0.500736716668237,2.77952174439678,5.826241200535692,B007
170,0.3865643076923077,-0.3342018461538461,0.01975754747596157,0.13220357668685187,0.13360792723852308,0.07146169522922884,-0.5212998274112666,2.893273742673929,6.7623740953212925,B007
171,0.39991569230769225,-0.3237710769230769,0.020241804086538445,0.12305133052441268,0.12464579346497845,0.22185573827157165,-0.15123852670852234,3.208417076827033,6.157840127890209,B007
172,0.6016467692307692,-0.4080516923076923,0.021199927283653868,0.16049129682149438,0.16180772387715325,0.11361689123204455,-0.12393683888338415,3.7182821364420664,7.632465985009039,B007
173,0.4201513846153847,-0.40617415384615385,0.017952331730769246,0.13392097509247047,0.13505406067290665,-0.054791334910040464,-0.2158934031977573,3.11098668579072,7.522925862685119,B007
174,0.4791895384615384,-0.4322510769230769,0.017906085937499996,0.161226088048564,0.16213912162236094,0.0002939626954647603,-0.2094327427707592,2.955422070051799,9.054972828137696,B007
175,0.4798153846153846,-0.4706363076923076,0.0191243671875,0.14723642466366232,0.14840193965940665,-0.14409080859396606,0.09845506552601302,3.2332150490525677,7.7598353035390675,B007
176,0.4574935384615385,-0.37968,0.015830322115384626,0.1491879389644956,0.14995300876948076,-0.0035380952682545867,-0.1142725516324572,3.0509126973559604,9.472517847489007,B007
177,0.3473446153846154,-0.3392086153846154,0.01889578665865385,0.12114867264546325,0.1225549616642731,-0.049785837108135896,-0.04162987819728281,2.8341946394314967,6.4858353810925164,B007
178,0.4485230769230769,-0.376968,0.01585965865384614,0.15356011347972362,0.15430233047146288,0.05426622978870632,-0.11964565880391075,2.906780964050495,9.729234016902556,B007
179,0.3805144615384615,-0.34233784615384616,0.018193543269230755,0.13364915334361854,0.13481712707532906,-0.18586986933563052,0.10228105907047214,2.822448970640423,7.4101633244434675,B007
180,0.4812756923076923,-0.44998338461538456,0.01746522295673075,0.14082986611245232,0.1418404631553618,-0.1066815710966815,0.21915414407690426,3.3930775577102965,8.121308471513059,B007
181,0.4218203076923077,-0.3694578461538461,0.014752408052884613,0.12760604118796354,0.12839405605073828,0.014971595554897106,0.2585908049310825,3.2853569757591763,8.703260890728464,B007
182,0.4405956923076923,-0.4068,0.015807097355769233,0.1341583933669214,0.13502133980354342,-0.04028612414917944,0.4275962670184423,3.2631559792604694,8.541817435840851,B007
183,0.357984,-0.3239796923076923,0.017141909855769244,0.11706014822946274,0.11825202520295948,0.09138127738429157,0.020416802930154358,3.02729699035244,6.898415999029468,B007
184,0.3826006153846154,-0.3773852307692308,0.01717063521634616,0.13954018210641805,0.14052500857855618,0.1015322695836814,-0.2653243368888911,2.722651428772084,8.18403086478587,B007
185,0.4418473846153846,-0.40700861538461536,0.01900416887019229,0.15285027655206582,0.15395307676241093,-0.11026414051078903,-0.4954071261705857,2.8700133437233504,8.101016035691181,B007
186,0.41493599999999997,-0.3342018461538461,0.017442405649038484,0.1300661631182557,0.13116754016667428,0.06302576184845655,-0.1864411507393906,3.1634046005036143,7.520037247494294,B007
187,0.3963692307692308,-0.3081249230769231,0.02076517608173076,0.1248532834931335,0.12650814972205546,-0.03417061573704252,-0.2148112490197369,3.1331517506190174,6.092322512658948,B007
188,0.4965046153846154,-0.4245323076923077,0.016323950120192294,0.14764368833434918,0.14847168854652154,0.1067815369050552,0.7128802436996855,3.3441029750870146,9.095328486875612,B007
189,0.4028363076923077,-0.3400430769230769,0.01712011117788465,0.13101352567482866,0.1320639234105222,0.016143814397938674,-0.207848057209028,3.0503130399972025,7.713964123148875,B007
190,0.42328061538461537,-0.5449033846153846,0.0185333581730769,0.13931830109720264,0.14047818232382012,-0.10450876847632633,0.4939250440196221,3.013141317623968,7.579747880116536,B007
191,0.330864,-0.3440067692307692,0.016856693509615363,0.12910870694867282,0.13014195307001206,-0.23044393786542355,-0.3867047412543241,2.5423316017242046,7.720491150638572,B007
192,0.40346215384615386,-0.3619476923076923,0.017080995793269216,0.1351776036180384,0.1361870046140966,-0.024946866319899636,-0.06274208295450913,2.9625598638388126,7.973013181571138,B007
193,0.4218203076923077,-0.428496,0.016236755408653842,0.13213827208233406,0.1330680423060439,-0.17516815464757526,0.07902581949200105,3.169959521326397,8.195482345883066,B007
194,0.35464615384615383,-0.2966510769230769,0.016385475360576916,0.12585584190905694,0.12685703880861454,0.10947086789679543,-0.40778556777410013,2.7956363886216677,7.742042023012023,B007
195,0.4293304615384616,-0.4182738461538461,0.01651198918269233,0.15067433996743174,0.1515032403961269,0.012330924643233376,-0.5551403882439616,2.8338038210662404,9.17534760469264,B007
196,0.5561686153846154,-0.39052800000000004,0.014931075721153838,0.14039808561642395,0.14112161363750722,0.09077541858232696,0.4994196999000757,3.9410590698971233,9.451536933643096,B007
197,0.4239064615384615,-0.3473446153846154,0.013858662259615387,0.12905858600384532,0.12973787188056118,0.0324725296389066,-0.2457986083337849,3.2674072373309526,9.361500370683089,B007
198,0.4414301538461538,-0.5509532307692308,0.012861423677884615,0.15779949400548254,0.15824594609908565,-0.2230352718514607,0.4577586197206896,2.7895195088899936,12.303921405776535,B007
199,0.4652123076923077,-0.3773852307692308,0.014192772836538447,0.14702805536159544,0.14764001242689406,0.12382152279394612,0.028675387840856107,3.150990710751016,10.402478368906436,B007
200,0.33628800000000003,-0.3846867692307692,0.013958895432692305,0.12753530162705284,0.12823501817566876,-0.09318295334755072,-0.3967375856825175,2.622435000861622,9.186616433513581,B007
201,0.3577753846153846,-0.3750904615384615,0.01330432391826923,0.1342067456424335,0.13479935572417248,-0.01886509943643549,-0.5683622567980882,2.6541327493246145,10.131995924954047,B007
202,0.44414215384615385,-0.3437981538461538,0.01309509735576923,0.13232063116309922,0.13290271862547212,0.03566112787705606,0.3314844987001413,3.3418590563054864,10.1490439524621,B007
203,0.5038061538461538,-0.3880246153846154,0.015247462139423075,0.1403046365099365,0.14106258225767926,0.13674083139772605,0.20260215786016333,3.5715080908263133,9.251545009116954,B007
204,0.3928227692307693,-0.3890676923076923,0.012009645432692315,0.12978156868000806,0.13027293909594584,-0.22718303787219704,0.037658224229061066,3.0153827184435893,10.847359301825893,B007
205,0.3951175384615385,-0.3911538461538461,0.013619895432692307,0.1401207134713876,0.14071297825185894,-0.0776247627323161,-0.3913429650994851,2.8079679882428947,10.33142867705876,B007
206,0.34984799999999994,-0.4053396923076923,0.013513957932692309,0.12122170592778618,0.12191381690415178,-0.09909872835268838,0.21976390233216314,2.869633720639304,9.021325766393263,B007
207,0.3730043076923077,-0.3921969230769231,0.014757093749999988,0.1276510404611089,0.12843927385233847,-0.02372769813375633,0.1627960313187602,2.9041296832706784,8.703561556782724,B007
208,0.4493575384615385,-0.3638252307692307,0.012730224158653837,0.15070799178210928,0.15117134923292902,0.123398495178306,-0.016660303514387742,2.9725046494700265,11.874995078556001,B007
209,0.4130584615384616,-0.4456024615384615,0.015476450120192303,0.1577450910344309,0.15842579950056004,-0.1218353225133762,-0.4396803950823074,2.6072676473190297,10.2365722287865,B007
210,0.4239064615384615,-0.4443507692307692,0.014377552283653854,0.14948629537248814,0.15010344466169015,-0.018762444394204037,-0.33297145334737044,2.824095492904116,10.440125113114416,B007
211,0.3485963076923077,-0.404088,0.01597496754807691,0.14298667654982158,0.14380689570875094,-0.1418369262347708,-0.6114066875784929,2.424058359470553,9.002014888353413,B007
212,0.4906633846153846,-0.3738387692307692,0.01762311057692308,0.1391486576810307,0.14019277590859608,0.06600658778989511,0.1546498089166537,3.499919175117061,7.955052843632168,B007
213,0.3542289230769231,-0.3609046153846154,0.01474649999999999,0.14466731750223674,0.14534666799627646,-0.049628681216327006,-0.6801975192630367,2.4371313629700677,9.856350184537114,B007
214,0.4289132307692308,-0.4028363076923077,0.01885891225961539,0.12480218205499947,0.12615875984419225,0.061792328287806876,0.2545085255650084,3.3997895294702034,6.689609565359159,B007
215,0.3855212307692308,-0.3584012307692308,0.01655008593749999,0.1355907759096426,0.13653135131876173,-0.07324994142288553,-0.4728860879803021,2.8236828175028372,8.249585641691581,B007
216,0.39344861538461534,-0.4328769230769231,0.01834226322115388,0.13894895933050952,0.14008710721991272,-0.1821264270798863,0.18884302144695608,2.8085997576277206,7.63739488038489,B007
217,0.3556892307692308,-0.3615304615384615,0.01896872055288461,0.13116060685253375,0.13246175765977486,-0.09194708746663983,-0.3149474263742729,2.685222037312919,6.9831677519036,B007
218,0.41618769230769226,-0.30332676923076923,0.018662724158653863,0.1213787933319102,0.12274657320076475,0.2381503246214864,0.44348823426576006,3.390625753983161,6.5770983998521695,B007
219,0.4360061538461539,-0.4086775384615385,0.016705732572115373,0.14523142406540795,0.14611861694511932,0.06338274644899677,-0.2296466736244436,2.9839192497278657,8.746615349812041,B007
220,0.4072172307692307,-0.3698750769230769,0.015950112980769232,0.14296244715554485,0.14378006872043733,0.03615528509332715,-0.45476053870011895,2.8322230917903837,9.014360518561242,B007
221,0.5038061538461538,-0.4178566153846154,0.017341561298076912,0.14687163189331856,0.14782063558175373,0.053837419669734585,-0.1889879143612836,3.4082261374631866,8.524067299415899,B007
222,0.4670898461538461,-0.5517876923076923,0.01593850060096154,0.13318121167207167,0.1340669587376181,-0.15461216461469646,1.1922136457480237,3.4840041912786712,8.41151637121563,B007
223,0.42745292307692295,-0.4159790769230769,0.015597463341346162,0.1442333602465549,0.14500423230011986,0.024281179500597556,-0.1215600177799634,2.9478651505302973,9.29665479102226,B007
224,0.4562418461538462,-0.4524867692307692,0.019671167668269224,0.15480019320485955,0.15597003939548998,-0.04987457839201838,-0.07794283052973673,2.925189016571081,7.928865333555112,B007
225,0.385104,-0.3039526153846154,0.01678661177884613,0.11841423583656505,0.11954090635232875,0.06797385703178152,-0.2472827016814896,3.2215248466074384,7.121205156061912,B007
226,0.540731076923077,-0.4808584615384615,0.01710055348557693,0.1444841432535887,0.14542252297029326,0.07295958848584441,0.8278960680790455,3.718344764473223,8.503965856599118,B007
227,0.4597883076923077,-0.3721698461538462,0.01926962379807692,0.15008570140107155,0.15124496155282702,-0.01068583683602635,-0.2573135843484331,3.040023964908823,7.848879829606277,B007
228,0.4466455384615384,-0.4157704615384615,0.016628112980769237,0.1449196400419802,0.14580016027604606,-0.04283924824448177,0.2875241816196485,3.0634091047355265,8.76829261652642,B007
229,0.4781464615384615,-0.3947003076923077,0.018061121394230776,0.13246330777968612,0.1336248357633898,0.16930028119005616,0.5537451697356466,3.5782753917476686,7.398479465736456,B007
230,0.3805144615384615,-0.3381655384615385,0.018539877403846126,0.13354286679757688,0.13475907615694147,0.035645548130687994,-0.20914502937146384,2.8236648127159274,7.268606648336601,B007
231,0.4372578461538461,-0.4184824615384615,0.017742493990384627,0.14922397292589484,0.15020267739329873,-0.15811609044531633,0.0376580862751279,2.9111188544855744,8.465702593710876,B007
232,0.44038707692307694,-0.4280787692307692,0.01883589122596155,0.1541016108901469,0.15517379465693013,-0.04757746332090318,-0.08373194832592645,2.83802479598258,8.238197640632675,B007
233,0.3517255384615385,-0.4766861538461538,0.017895899639423087,0.1300726590356347,0.1312350467387272,-0.20343900419279853,0.22608824944191094,2.6801189712819675,7.333246686834787,B007
234,0.4896203076923077,-0.4533212307692308,0.020040319110576937,0.14452041410873334,0.14583335644927792,0.009030244955852602,0.2747946455935968,3.357395863425812,7.276997718679517,B007
235,0.46104,-0.4910806153846154,0.01588573557692308,0.15986220189196934,0.1605718631390138,-0.11251697645593507,0.011565317616576198,2.871237780935868,10.107927477546186,B007
236,0.3638252307692307,-0.33962584615384617,0.018502595552884617,0.13398554277309974,0.13519223476838074,-0.08168359098824693,-0.3463270106122813,2.6911695881982958,7.306663239866572,B007
237,0.38531261538461536,-0.2768326153846154,0.018829371995192315,0.12917362746305033,0.1304763447131774,0.07798473104644846,-0.6606605323347865,2.953122393424169,6.929405013958608,B007
238,0.374256,-0.3540203076923077,0.017023341346153846,0.14129793289028594,0.1422511961847228,-0.04452372513291511,-0.6255092191512404,2.630951514207327,8.356244129291468,B007
239,0.3556892307692308,-0.3556892307692308,0.018564935697115374,0.14670398361596926,0.14780290257866094,-0.10145701250958304,-0.6359753026192565,2.4065104579386216,7.961401266885433,B007
240,0.3972036923076923,-0.3183470769230769,0.02112271514423076,0.1326151331297086,0.13422282982616784,-0.056100049326775266,-0.4980564163373327,2.9592856358498127,6.354430711661048,B007
241,0.3917796923076923,-0.3984553846153846,0.01770073016826921,0.1335341921134766,0.1346375982198322,-0.07444314854797786,-0.040000657093678615,2.9098832531757304,7.606330187507581,B007
242,0.35694092307692304,-0.3972036923076923,0.01887072836538461,0.11744690621691126,0.11889663445532853,-0.05736574931869792,0.534372125215719,3.002111243199502,6.3005853379472985,B007
243,0.5038061538461538,-0.5021372307692308,0.01777733112980771,0.16513071731970225,0.16600469345223492,-0.07496488456677197,-0.1341733474316147,3.034891022470492,9.337998614082775,B007
244,0.4080516923076923,-0.31626092307692305,0.017938885817307692,0.11513104722427532,0.11646466060164434,0.11455097546892724,-0.07079654535091429,3.5036524401457028,6.492301795537244,B007
245,0.4383009230769231,-0.3913624615384615,0.02018231610576929,0.14568258798356104,0.14700345687215113,-0.01035456039334666,-0.04444802256072666,2.9815688175150417,7.283775365609744,B007
246,0.3665372307692307,-0.3638252307692307,0.01617584134615385,0.1350630830860561,0.1359627881711851,0.034227241306603186,-0.3595385054839237,2.6958643294938827,8.405299314060915,B007
247,0.45665907692307706,-0.35631507692307696,0.017938070913461564,0.13607259295825172,0.1371839755759676,0.07267620381385001,-0.08418460228585678,3.3288077197485473,7.647643731468268,B007
248,0.4330855384615385,-0.3494307692307693,0.01803565564903849,0.14086909048919488,0.14195071865051453,0.1291736430572686,-0.055967059491695885,3.05095699816641,7.870560483787134,B007
249,0.3982467692307692,-0.34922215384615385,0.01940754627403851,0.13672967423137006,0.13803405314679426,0.016164316575402692,-0.5663297375591285,2.8851342125500583,7.1123907781913935,B007
250,0.5786990769230769,-0.431208,0.019698874399038453,0.16424537120248914,0.16534280551258718,0.08637532966137203,0.036240937042976366,3.4999955101101863,8.393515393989107,B007
251,0.4090947692307692,-0.4130584615384616,0.018676781250000003,0.15861142691977206,0.15963031965616545,-0.02660442966184329,-0.6460892366286024,2.5627635784476026,8.546993056213335,B007
252,0.3961606153846154,-0.3193901538461538,0.01943993870192309,0.12155621507610985,0.12304224899363325,0.07119803797103304,-0.14363351763858834,3.219712079589138,6.329353753644362,B007
253,0.4564504615384615,-0.3815575384615385,0.01815137199519231,0.13794293803494526,0.13906525151731314,0.07187742507644729,0.3049512334111051,3.2822754538479013,7.661418186688419,B007
254,0.3984553846153846,-0.4113895384615384,0.019305683293269225,0.13535792501082866,0.1366623024803409,0.01784895190511163,-0.010231654714849549,2.9156203092122137,7.0788637938542776,B007
255,0.4537384615384615,-0.4787723076923077,0.017795462740384602,0.15402230561958058,0.15497219833463008,-0.04992259175003444,0.1996129111985132,2.927870072273919,8.708523099145932,B007
256,0.44038707692307694,-0.3642424615384615,0.0192557704326923,0.14357874056842776,0.14479470896440685,-0.05109789096142615,-0.2915289269924437,3.0414583521234335,7.519548982500098,B007
257,0.4574935384615385,-0.4408043076923077,0.017394937500000006,0.14093796622189186,0.14193905809921534,-0.03580167494757781,0.25024607080551364,3.2231687640321716,8.159791209322558,B007
258,0.4614572307692307,-0.4940012307692308,0.02072850540865384,0.16043684792549073,0.16169266033869129,-0.06155347966255392,-0.1191874812436331,2.8539157547574163,7.800497775936468,B007
259,0.4032535384615384,-0.4906633846153846,0.021236394230769257,0.1645679266929524,0.16585276326290607,-0.13172318659358612,-0.4471437643714542,2.431394753564099,7.809836333825599,B007
260,0.322728,-0.35339446153846155,0.016869528245192326,0.12128670316019133,0.12239558676205925,-0.08565230004082494,-0.3616189255680311,2.6367617373933028,7.255424394985138,B007
261,0.4295390769230769,-0.34630153846153844,0.0198392415865385,0.1436676121175832,0.1449614488562288,0.019331326595926,-0.2947817443672802,2.963126267791992,7.306803953362277,B007
262,0.327108923076923,-0.3070818461538461,0.01859080889423077,0.1260199320731842,0.12732294625586996,0.019422242950632714,-0.6845263045730872,2.569127817852725,6.848703947216718,B007
263,0.4977563076923077,-0.4618744615384615,0.015275168870192316,0.1594025456767882,0.16005526766758982,-0.03352055908051398,-0.25038366487007924,3.109902691400767,10.478134089890078,B007
264,0.4082603076923077,-0.3694578461538461,0.01760029326923078,0.13353711069718086,0.1346273227759846,0.17623222102073274,-0.05119989664281821,3.0325219225494022,7.64915224516986,B007
265,0.4560332307692308,-0.3527686153846153,0.017076513822115388,0.14424103007405836,0.1451783876294956,0.02853882843064288,-0.3841724887964868,3.1411922822359513,8.501640858421494,B007
266,0.3821833846153846,-0.3740473846153846,0.01637121454326924,0.14387229030577395,0.14473091751894146,-0.122051231518696,-0.4397956481969789,2.6406478392245862,8.840573015301743,B007
267,0.5142369230769229,-0.4727224615384616,0.019101142427884618,0.14957445046830148,0.15071669354972264,-0.0237667553453536,-0.1292287368550622,3.4119440319812484,7.8904544122816604,B007
268,0.31897292307692304,-0.3415033846153846,0.016691268028846146,0.11216738216115836,0.1133482836530411,0.018028097039882632,-0.15058452884646822,2.814095748051189,6.790873135411317,B007
269,0.4414301538461538,-0.4577021538461538,0.01769869290865386,0.1497048023999447,0.15067476674813174,0.0486930561784993,0.14543952399713864,2.9296886490891296,8.513327369755006,B007
270,0.4597883076923077,-0.5186178461538461,0.016985040865384618,0.14434421220170335,0.14527008048439394,0.03188157622142033,0.4879205818269962,3.165058532074688,8.552824902556065,B007
271,0.5065181538461538,-0.3344104615384615,0.0205227421875,0.12293499321317372,0.12457703119713973,0.16932579943602935,0.4081444598276276,4.0659032325517765,6.070194229356793,B007
272,0.3673716923076923,-0.3314898461538462,0.01464993389423076,0.13082865440965252,0.13158283474825885,-0.035556160712151307,-0.4282908496522215,2.791942376150652,8.98180399299119,B007
273,0.4485230769230769,-0.3079163076923077,0.020240581730769244,0.12151888368676846,0.12313447730013345,-0.024572882145607915,0.2068971536070592,3.6425466429668334,6.083544383161052,B007
274,0.485448,-0.5340553846153846,0.017989409855769203,0.16300018960677098,0.1639107511097928,0.03996298233357624,-0.19161697396025976,2.9616605177706186,9.111513519562548,B007
275,0.4541556923076923,-0.3711267692307692,0.01811246033653844,0.12039661762713133,0.12169326663633168,-0.0020587825489789308,0.3604898544739528,3.731970591806791,6.71875959285546,B007
276,0.4746,-0.39595199999999997,0.019181003004807684,0.14565193965742956,0.1468389632531752,0.08652045546679751,-0.005409606066687278,3.2321121689051253,7.655437164384482,B007
277,0.5482412307692307,-0.4522781538461538,0.017907512019230774,0.1573880892776321,0.15832719031517725,0.08507444181666175,0.08311223013236191,3.4627105406081116,8.841384003827587,B007
278,0.4157704615384615,-0.3615304615384615,0.018560861177884632,0.1236680517247308,0.12499342881196285,0.018788665806332164,0.10768721933106297,3.32633855627672,6.734247275169173,B007
279,0.3967864615384615,-0.37550769230769226,0.017095052884615398,0.12564608513647366,0.1267428996469454,-0.022255848808173842,-0.007364067215117842,3.130640553780516,7.414010386654433,B007
280,0.3940744615384616,-0.3542289230769231,0.01770908293269229,0.12816737390010355,0.12932302764756712,-0.036636897739006455,-0.21744837146302046,3.0472102973988413,7.302638320634163,B007
281,0.3427550769230769,-0.3863556923076923,0.017714583533653832,0.12921306525419174,0.1303591883942321,-0.1471327658785093,-0.39614794448711743,2.6293127561251555,7.358862721586325,B007
282,0.4099292307692308,-0.3982467692307692,0.018241418870192302,0.16163596359168206,0.1625835792333826,-0.034116081350098755,-0.5301526669992014,2.5213446075067205,8.91288009942335,B007
283,0.5386449230769231,-0.3759249230769231,0.02171087199519224,0.13917587513019505,0.14079193953997465,0.12695344462375274,0.21742325342200308,3.8258221659343454,6.484858810422368,B007
284,0.4055483076923077,-0.35610646153846154,0.019167557091346144,0.14057795780711466,0.14181064304037536,0.07001034475423762,-0.14991132801782125,2.8597875236828507,7.398472448239148,B007
285,0.36904061538461536,-0.36027876923076924,0.02036892908653845,0.12884604373197606,0.1303839869292546,-0.0590761939097812,-0.17065780352395032,2.8304136426266373,6.4011213537693346,B007
286,0.4253667692307692,-0.3828092307692307,0.022256653846153846,0.13803189621538994,0.1397481905391743,0.01360582770240982,0.32846379123429825,3.043808779130704,6.278939839976172,B007
287,0.5186178461538461,-0.36612,0.02034713040865383,0.12500461457508175,0.12658949192268282,0.10050424172970628,0.2635226232783854,4.096847520887459,6.221491157733136,B007
288,0.5236246153846154,-0.5184092307692307,0.021800511418269216,0.15681949636661402,0.15825170067851746,-0.06522030285881229,0.2714325779282625,3.3088087719723127,7.259082029878423,B007
289,0.4226547692307692,-0.3102110769230769,0.022596061298076942,0.15460955041248545,0.15617730694473142,0.07719769526442939,-0.6675902563822018,2.7062495665925383,6.911704871238912,B007
290,0.5457378461538461,-0.5350984615384615,0.02085807512019233,0.16076320979860245,0.16203280485929344,-0.07192858106332073,0.6342076011361533,3.3680701054811437,7.768348897278272,B007
291,0.4485230769230769,-0.4318338461538461,0.02177504567307692,0.15540395343543698,0.1568469221675097,0.00043149865714889964,-0.143131276817404,2.8596230689440136,7.203058240260696,B007
292,0.4864910769230769,-0.3160523076923077,0.023227204326923042,0.1235681554231504,0.12567291210027742,0.11494791968122756,0.17620600520413854,3.8710893922382743,5.410591405294862,B007
293,0.4449766153846154,-0.46104,0.021396522836538454,0.15110024026780455,0.152534578453739,-0.011512119815232851,-0.051588959175316695,2.9172179835903167,7.1289423809208134,B007
294,0.4635433846153846,-0.4449766153846154,0.023027145432692298,0.1603218552275327,0.16188961056675272,-0.024132803326477995,-0.0895869852332436,2.863330037008456,7.030381209861705,B007
295,0.4645864615384615,-0.2989458461538462,0.02441390805288459,0.12636164473693334,0.12863790706691622,0.31946126499651817,0.20356614902989897,3.61158286955639,5.269042006231247,B007
296,0.4750172307692308,-0.482736,0.02160595312499997,0.1600231203475451,0.16139767355998033,-0.08292484261310368,0.15325600904123649,2.9431479419230895,7.470055712248546,B007
297,0.3381655384615385,-0.3442153846153846,0.02281364062500001,0.1234920996378389,0.12552238048145356,-0.07271902369562873,-0.07528514820648002,2.694065689038648,5.502075821423331,B007
298,0.5970572307692308,-0.4706363076923076,0.024337307091346117,0.168081740892898,0.1697533116327639,-0.0057919534652559595,0.14032644023509722,3.5172052022223617,6.975024434528541,B007
299,0.4130584615384616,-0.3364966153846153,0.02085257451923079,0.1376022319532201,0.13910684204145227,0.0617831071605888,-0.2466421927585243,2.9693612152835365,6.670967266567699,B007
300,0.4629175384615384,-0.4424732307692308,0.019911564302884627,0.13413492996074478,0.1355399547765592,0.10080891048475392,0.33427088793103943,3.4153585134705766,6.807097258396883,B007
301,0.5100646153846153,-0.4383009230769231,0.021452954927884592,0.1375504577971782,0.13914697635026493,0.18318870208598648,0.2166238212672189,3.6656536042915184,6.486145000444738,B007
302,0.3982467692307692,-0.39657784615384617,0.018529487379807696,0.12646809539432122,0.1277571983868103,0.04806530806809578,0.14564040977773285,3.117215892798447,6.894804792389038,B007
303,0.3127144615384615,-0.3260658461538461,0.022404558894230764,0.1143874561796768,0.11650612244903158,-0.1181579113397789,-0.21927006537453364,2.6841032468080464,5.200107844079547,B007
304,0.30290953846153845,-0.2947735384615384,0.019901581730769214,0.1173333843014779,0.11895272830372634,-0.062452676130316374,-0.387220677209517,2.546469869006354,5.977048955853455,B007
305,0.3677889230769231,-0.428496,0.020682870793269217,0.1401226477978986,0.14157317328486993,-0.10733463927627704,-0.1138356653156678,2.597871577949783,6.844947913659152,B007
306,0.42599261538461536,-0.3725870769230769,0.019548524639423092,0.16183724023067453,0.1629351395713875,0.028296129758374044,-0.27820521549424226,2.614491978251096,8.334907241173573,B007
307,0.4078430769230769,-0.29727692307692305,0.018823463942307682,0.1187071337091769,0.1201330315585405,0.04187288610795771,-0.023884315493656327,3.394928702222386,6.382089498868967,B007
308,0.4602055384615384,-0.31897292307692304,0.01964203485576924,0.13295419620558613,0.13433303876592978,0.17249089299767412,-0.1580519635255122,3.425855193102786,6.839059178559274,B007
309,0.4011673846153846,-0.3642424615384615,0.01730774278846153,0.12122926125277793,0.12239991691399355,-0.07693761830017286,0.31674628454452325,3.27751353701712,7.071974572882682,B007
310,0.3896935384615384,-0.3696664615384616,0.02004683834134615,0.13776695057414765,0.13915126123322655,-0.02937416616667383,-0.4123968800573445,2.800503100064517,6.94130709610354,B007
311,0.3467187692307692,-0.3848953846153846,0.019239879807692296,0.1207318393656536,0.12219703541306202,-0.13664825314928727,-0.05585265812800344,2.837374638908035,6.3512369429774935,B007
312,0.3323243076923077,-0.30061476923076924,0.018030155048076892,0.11898864323876375,0.12028947272613165,-0.0567977960358468,-0.5048041024773147,2.7627048332726933,6.671571731101771,B007
313,0.3859384615384616,-0.3790541538461539,0.018990722956730797,0.15464717510666992,0.15573387911268882,0.00047730926000229805,-0.5871886318475301,2.4781920526053107,8.200523985712339,B007
314,0.4151446153846154,-0.3577753846153846,0.018767235576923055,0.1411294885369522,0.14230351699988136,0.049902561398885915,-0.1745292996567298,2.9173180265457637,7.5825507926624764,B007
315,0.4942098461538461,-0.4076344615384615,0.017043306490384595,0.14478847159375,0.1457178899031513,0.1417721213314092,0.12398742243217376,3.3915523103052996,8.549860321139072,B007
316,0.5023458461538461,-0.4015846153846154,0.016716122596153876,0.13327528264423302,0.13425492066034214,0.06928209001788208,0.08530074189534798,3.7417313546723143,8.031463031458749,B007
317,0.4024190769230769,-0.3638252307692307,0.018053379807692296,0.13277389307838966,0.13393138346365896,-0.08072887864075329,-0.1593638383814997,3.004666020136121,7.418632128184256,B007
318,0.5190350769230769,-0.5739009230769231,0.01807843810096153,0.16405057030616765,0.16496404976888268,-0.05814218178635279,0.20986354986820244,3.1463526607782333,9.124906081356043,B007
319,0.4616658461538461,-0.3738387692307692,0.01704249158653844,0.14206816282983115,0.14301782788868847,0.007788142438143473,-0.1861591916155616,3.2280300503036803,8.391837963508557,B007
320,0.4472713846153846,-0.4163963076923077,0.016235125600961544,0.13538733967482686,0.13629163921110302,-0.06539354940249748,0.106133642404322,3.2817228349759815,8.394862014681976,B007
321,0.4466455384615384,-0.4549901538461538,0.01656455048076922,0.16478587885974302,0.1655362566003447,0.027063645240673024,-0.36190514805781815,2.69817348558194,9.993404698336104,B007
322,0.6337735384615385,-0.5273796923076923,0.014807006610576953,0.15075948504706466,0.15141160474510693,-0.08106100864840464,1.4233019865490808,4.1857659426334015,10.225672799858849,B007
323,0.4869083076923077,-0.4420560000000001,0.01841947536057692,0.14851428736556446,0.14958018277758667,0.07374226609513923,0.2470546718843973,3.255165882610933,8.12076239140514,B007
324,0.4057569230769231,-0.360696,0.016242663461538458,0.14626088255237232,0.1470890173205287,0.053234104738195405,-0.7266146024438389,2.7585806912607134,9.05572030528279,B007
325,0.4848221538461538,-0.4656295384615385,0.01768076502403845,0.12691484481969728,0.12807910612693815,0.028947675256150187,0.5248774400546652,3.7853336778104194,7.243979881685215,B007
326,0.4804412307692307,-0.3800972307692307,0.01801161598557693,0.14917543596300195,0.1501865415289873,-0.04912794508734384,-0.2952987536953344,3.1989632751247643,8.338315765184612,B007
327,0.38030584615384616,-0.4211944615384615,0.01955667367788461,0.14485359508683024,0.14609769577155218,-0.11708381942868618,-0.13081600633673185,2.6030927055038364,7.470477760068406,B007
328,0.3903193846153846,-0.2985286153846154,0.018192524639423058,0.10677638002675532,0.10826370261799698,0.11760967157099422,-0.2158678855608049,3.6052654322437774,5.950999367256062,B007
329,0.3732129230769231,-0.32189353846153845,0.020272362980769242,0.12355913853608158,0.1251515895741438,0.05283375896736301,-0.3132468463945792,2.9820869582788627,6.173507730345251,B007
330,0.5090215384615385,-0.4806498461538462,0.01996494050480769,0.16744693394531512,0.16855175232887212,-0.08622072963016471,-0.01608498530891822,3.0199717975542253,8.442386907603545,B007
331,0.5067267692307692,-0.42745292307692295,0.020049283052884642,0.15096859398318466,0.1522209997996004,0.036935596024864216,0.013224996407569469,3.328888720333444,7.592341302084577,B007
332,0.3846867692307692,-0.34338092307692303,0.01974165685096154,0.1304501370579147,0.1318724871871047,0.057231093469069585,-0.2419124959756997,2.917111654116024,6.679909806085081,B007
333,0.469176,-0.4055483076923077,0.022272137019230785,0.13916656533754884,0.14087039285886452,0.01881728013712412,-0.11759561042444845,3.3305508026094515,6.324960767672657,B007
334,0.4207772307692307,-0.34066892307692304,0.01894427343750001,0.13791361957924278,0.13914193322003593,0.1137293321638995,-0.2596427665602889,3.0240864204741427,7.344801777649906,B007
335,0.4072172307692307,-0.3744646153846154,0.0213225703125,0.1339163931702939,0.13553869957643438,-0.1625132918174948,-0.03275095065829037,3.0044351321195064,6.3565835445728185,B007
336,0.4253667692307692,-0.3577753846153846,0.019223581730769213,0.13866701113965466,0.1399260812068,0.027318593446231748,-0.24088786479572244,3.0399391275891574,7.278876702921324,B007
337,0.4846135384615384,-0.3869815384615384,0.01752124759615386,0.16291255527670334,0.16377294137441714,-0.02310732276654885,-0.35877376010018297,2.9590574266698706,9.347105020670297,B007
338,0.5517876923076923,-0.450192,0.019941512019230768,0.16232641518457097,0.16346802952927109,0.1082102407482792,0.015143318629682769,3.3755083112988005,8.197373868723158,B007
339,0.3750904615384615,-0.3571495384615384,0.019218081129807697,0.13102184703667807,0.13236047243764562,-0.10662547071300583,-0.4422851959189584,2.8338555660200204,6.887288670685828,B007
340,0.38719015384615385,-0.32564861538461537,0.01858836418269228,0.11906838028135455,0.12045315050513088,0.0771685283428424,-0.06315328022502609,3.214446049957497,6.480029620749813,B007
341,0.4360061538461539,-0.3815575384615385,0.019242731971153847,0.14500528424122294,0.1462062976362105,-0.010723490797787418,-0.12225421954419025,2.982129777549127,7.598001045557544,B007
342,0.3744646153846154,-0.3354535384615385,0.019304460937500025,0.12213162029921112,0.12358894915477216,0.01976559433255028,0.1087365742421098,3.029919891265263,6.402092736746331,B007
343,0.36904061538461536,-0.33065538461538463,0.019564415264423086,0.12741898258131604,0.12885072134599007,-0.027064084509824938,-0.028729820982021263,2.8640942908939344,6.5859735445453715,B007
344,0.4451852307692308,-0.4395526153846154,0.019996721754807708,0.13290221866482202,0.13433398521521422,0.247131294440749,0.15117042987597973,3.3140178939529488,6.717800390602375,B007
345,0.4335027692307693,-0.3828092307692307,0.021057522836538476,0.16145482281152945,0.16274403945484867,0.038439955193987935,-0.6274770239460931,2.6637090407912565,7.728546264352585,B007
346,0.6293926153846153,-0.5403138461538461,0.01839665805288461,0.14719316150151598,0.1482670084217953,-0.03879826559057471,1.632026800703696,4.244994365800493,8.059453407003287,B007
347,0.46375200000000005,-0.4205686153846153,0.018223694711538476,0.14834675628483468,0.1493900002426906,0.06547571951698503,0.035761415371776906,3.1043041652494447,8.197569296861804,B007
348,0.3721698461538462,-0.3214763076923077,0.020481589543269247,0.12073343925241685,0.12240026118757225,0.22477011150215165,-0.16274211802541405,3.040596829965213,5.976111420892915,B007
349,0.5067267692307692,-0.4706363076923076,0.017011321514423073,0.16533368210003951,0.1661262078642527,0.05715768783703894,0.04444739407803011,3.050251828085022,9.765626246226804,B007
350,0.4933753846153846,-0.3508910769230769,0.019652017427884628,0.14534367239626034,0.14659589088243816,0.08418131684725369,-0.2075229094342128,3.3655471626489484,7.459584819746313,B007
351,0.5167403076923076,-0.4439335384615384,0.02013077343750001,0.1453657818877211,0.14668272780127767,0.1160305092527576,0.01142067384752865,3.522843592003384,7.2864924070942125,B007
352,0.5015113846153846,-0.4105550769230769,0.018878673677884632,0.14581014116707502,0.14695658979773468,0.05833094358802271,0.25185380352490183,3.4126498533046066,7.784264525419843,B007
353,0.4017932307692308,-0.40972061538461535,0.019314443509615368,0.15529445376385695,0.1564156768290545,0.007711267854282616,-0.2993872575913277,2.568752946728911,8.098378643484374,B007
354,0.5188264615384615,-0.5232073846153845,0.016922089543269236,0.14622316456750856,0.1471281444149648,-0.08247991609798068,0.8573319834909041,3.526357676850373,8.694443085102634,B007
355,0.4814843076923077,-0.4120153846153846,0.019032486778846145,0.16945954031180302,0.17044274071863458,-0.04840044740285703,-0.27394619134066645,2.824903575606883,8.955358419482783,B007
356,0.3730043076923077,-0.3210590769230769,0.01498221093750001,0.13505294047513433,0.13581587374950718,0.057305640706009374,-0.6139400418246135,2.7463969961291888,9.065142275467787,B007
357,0.4180652307692308,-0.3481790769230769,0.01820393329326924,0.13608468938434956,0.13723097634848633,0.11956949705942968,-0.2509822976690792,3.046434864003225,7.538534345169589,B007
358,0.39303138461538456,-0.33357600000000004,0.020390931490384626,0.13477477332684162,0.13624349928413335,0.09386902516604233,-0.3143204343231281,2.884771652816438,6.681573097745887,B007
359,0.3642424615384615,-0.3425464615384616,0.017610275841346154,0.12199580188049515,0.1232013122322132,0.05925289753485954,-0.30938958399196226,2.9564819963275015,6.9959899176000375,B007
360,0.4616658461538461,-0.34984799999999994,0.02048871995192308,0.14205371045431628,0.14345500337660272,0.11369150839909554,-0.3494809331756703,3.2181927105174992,7.001657678626136,B007
361,0.4558246153846154,-0.4214030769230769,0.021447250600961545,0.14251392273606206,0.14404988210521194,0.022961214669244383,-0.051752113356945184,3.164352575114832,6.716473117479861,B007
362,0.4120153846153846,-0.3778024615384615,0.01874951141826921,0.14209683433262948,0.14325968111780255,-0.013771451991074338,-0.34931506108275423,2.876003781389015,7.640715425694383,B007
363,0.3665372307692307,-0.34358953846153845,0.02192417307692306,0.13334199476877867,0.13506810714323866,0.09074692140049884,-0.2271989071024607,2.713721532948714,6.160693343796332,B007
364,0.4551987692307692,-0.3657027692307692,0.018755419471153858,0.1269693209907066,0.12828573913233993,0.1165349749492316,0.10357900153623543,3.5483193401659783,6.8399290844785146,B007
365,0.4497747692307693,-0.34630153846153844,0.0202896796875,0.15514027900306324,0.156386293742175,0.12183436723746155,-0.6529170158242787,2.8760498024992316,7.707676816530572,B007
366,0.3721698461538462,-0.3125058461538461,0.018582252403846176,0.1256955612287165,0.1270009651172794,0.10885717257693704,-0.4309507365131329,2.930448960054476,6.8345301934975655,B007
367,0.5789076923076923,-0.520704,0.019181206730769226,0.14917487751086494,0.15033073932504298,-0.005438156092914846,0.5575016286216711,3.850893668898856,7.837397377292866,B007
368,0.4193169230769231,-0.347136,0.0212341532451923,0.14234182105922152,0.1438481733085554,0.0821447429337021,-0.3707036567965716,2.9149965093924775,6.774377656953408,B007
369,0.5928849230769231,-0.5665993846153846,0.017394122596153798,0.17014764876861715,0.17095176565579634,0.007592262447711655,0.10261001009307646,3.4681415591265083,9.828133883200142,B007
370,0.5674338461538462,-0.4983821538461538,0.02200016286057693,0.13303259726175398,0.13477535463634174,0.08978324852985274,1.1071377173299606,4.2102196479833225,6.126107133409077,B007
371,0.4378836923076923,-0.4297476923076923,0.016846914663461537,0.1298995613237684,0.1309245437329898,0.013403592409440196,-0.08055521320594528,3.3445500730613293,7.7714255902860225,B007
372,0.309168,-0.3137575384615385,0.018124072716346168,0.1210733019270576,0.12236384789320387,-0.024261687940504185,-0.5349850369305882,2.5266286188534552,6.7514542569034965,B007
373,0.4214030769230769,-0.4107636923076923,0.021778101562499992,0.14224261109137012,0.14383145472168768,0.01960955085979033,-0.06706989049901191,2.929839496781057,6.604407381833183,B007
374,0.3513083076923077,-0.31688676923076925,0.019711912860576903,0.1258048576570455,0.12727908625774068,0.06774726732031658,-0.3105690788948139,2.7601416542298782,6.456962708692474,B007
375,0.39657784615384617,-0.4570763076923077,0.02225298677884617,0.13104053256493994,0.13285348107663195,-0.09635135459107792,0.8301846687286831,2.98507681499963,5.970141554342868,B007
376,0.5918418461538462,-0.5789076923076923,0.021731652043269246,0.17030981782827956,0.17160819657010354,-0.13660484840350226,0.9709898825218392,3.4487970736996423,7.896693552262827,B007
377,0.4864910769230769,-0.41556184615384617,0.02275517127403847,0.13901636374849718,0.14079941265054796,-0.11948684689057296,0.6682507737196581,3.4552067211424093,6.187578680683762,B007
378,0.4992166153846154,-0.3978295384615384,0.02301206971153846,0.1682033029666238,0.16968876578059378,0.04846508902577637,-0.3525220673524037,2.9419544251391314,7.373902821766193,B007
379,0.37968,-0.3584012307692308,0.023580668870192275,0.13947834242154908,0.14139044415738994,-0.009860937370305998,-0.32317866365619,2.6853299900335283,5.996031958877892,B007
380,0.43642338461538455,-0.3442153846153846,0.023656658653846138,0.14039902869690954,0.1423104875537948,-0.05180664249965922,-0.09985061423332377,3.066698681995676,6.015663058597572,B007
381,0.4049224615384615,-0.3657027692307692,0.022240152043269196,0.16060252046349952,0.16205741359150866,0.0035955301780291726,-0.7084133256099627,2.4986358387721324,7.286704392857512,B007
382,0.431208,-0.37550769230769226,0.02394635697115384,0.1314642719623926,0.1335642355831031,0.0264775155815676,0.2159868698172085,3.2284690442577664,5.5776432191333605,B007
383,0.3798886153846154,-0.30061476923076924,0.020992941706730744,0.12802494179136142,0.12967298518245166,0.0244419583544951,-0.4906152403752677,2.9295894966103146,6.176980196199754,B007
384,0.44998338461538456,-0.32585723076923073,0.024152120192307718,0.14515313001035096,0.14707882391842256,0.07832471292754048,-0.4817023945863825,3.0594709192464604,6.0896858225004245,B007
385,0.43934399999999996,-0.39970707692307694,0.02195249098557693,0.1331334652827304,0.1348670543072297,-0.029577509756071967,-0.032475053156253875,3.257608036720117,6.143587732063715,B007
386,0.496296,-0.3746732307692308,0.02221529747596152,0.12664998893318102,0.12852266283295224,0.12536168857364416,0.5883920872558663,3.861544641703093,5.785322612583633,B007
387,0.4111809230769231,-0.33002953846153843,0.02347167548076924,0.1342045487350031,0.13617706018155762,0.09036467596681023,-0.32114974726529866,3.0194580682584684,5.80176137375152,B007
388,0.4360061538461539,-0.31626092307692305,0.02327283894230769,0.14837957386102804,0.15012202531722707,0.04828227913749633,-0.5899192721266697,2.9043450015067216,6.450524823781607,B007
389,0.3277347692307692,-0.3467187692307692,0.02120257572115386,0.11709378238884405,0.1189416389997403,-0.03405048940262115,-0.41130493937406204,2.7554250301821117,5.609773103230658,B007
390,0.4174393846153846,-0.3367052307692308,0.022994141826923057,0.1418193596930374,0.14360299440973984,-0.01854896691807719,-0.5989879916251493,2.9068988869710632,6.245199124657048,B007
391,0.5686855384615385,-0.3978295384615384,0.024219757211538438,0.14049059833178898,0.14249536782289812,0.18710466248320834,0.1409432383237852,3.9909054388935314,5.883435022833858,B007
392,0.5851661538461538,-0.5396880000000001,0.021339479567307668,0.17821007238738304,0.17939673577352316,0.14977801078474573,0.17275766873015508,3.261855079597928,8.40679995065864,B007
393,0.3160523076923077,-0.2709913846153846,0.02191745012019232,0.110780899127467,0.11287514101077807,0.0034675575587100288,-0.4659213107938758,2.8000169467086544,5.1500124508912375,B007
394,0.4900375384615385,-0.4564504615384615,0.023216814302884633,0.13839276857013827,0.14026002705181995,0.2057041344952036,0.7590282900313707,3.4937790100417634,6.041312353279795,B007
395,0.4485230769230769,-0.5023458461538461,0.021072394831730783,0.13544634932353752,0.1370103778300543,-0.06461374598420394,0.129135138704092,3.273643092054081,6.501889269070843,B007
396,0.3988726153846154,-0.33607938461538456,0.02255287139423079,0.12646025972712968,0.12839475035300912,0.07936944180461268,-0.0005040981642712161,3.106611557621734,5.693055580756496,B007
397,0.39699507692307695,-0.2851772307692308,0.022520478966346173,0.11792071023353985,0.1199953602698036,0.1263898714834152,-0.14717296957938866,3.3084202258358433,5.328277451341978,B007
398,0.4303735384615384,-0.428496,0.019835574519230768,0.15215482295710447,0.15336861373547736,-0.040827199397502935,-0.08285308025105076,2.8061382833115096,7.731997557559277,B007
399,0.4752258461538461,-0.4401784615384615,0.02236768449519232,0.13848140608753984,0.14020943443685924,0.11315688901395385,0.6952880350337867,3.389399922070546,6.268392889169895,B007
400,0.5219556923076923,-0.4558246153846154,0.02020350360576924,0.16213833456684942,0.16331365037620224,-0.08594971164878776,0.19283114203815546,3.1960322428978714,8.083432139441744,B007
401,0.39052800000000004,-0.3344104615384615,0.02281139963942309,0.13796686813051304,0.13977348792959288,-0.008739420420203408,-0.10403928503418224,2.794006258159043,6.1273525578866135,B007
402,0.4675070769230769,-0.43934399999999996,0.02281710396634615,0.15697567609633098,0.15854942222653462,0.005751661719314684,-0.2775322649698881,2.9486520376914718,6.948709286699375,B007
403,0.44455938461538463,-0.4562418461538462,0.02163712319711536,0.1370445506134874,0.13867599982992548,-0.011679484581283706,-0.22937798923602504,3.2057413334722633,6.409169951410807,B007
404,0.5970572307692308,-0.5010941538461539,0.023510179687500025,0.16394304851752006,0.1655409445432178,0.016450962627416875,0.1045099395821465,3.6067042653206376,7.041245398529777,B007
405,0.3752990769230769,-0.3790541538461539,0.02235301622596157,0.1314253633554588,0.1332494490365884,0.011045672820626285,-0.22492625245893194,2.8165150372968912,5.96113954777288,B007
406,0.39699507692307695,-0.3727956923076923,0.022844810697115404,0.14280786876927326,0.14455468396855786,0.012993747958007687,-0.4352088996813701,2.746331464495661,6.327681410238634,B007
407,0.4727224615384616,-0.41326707692307696,0.023179328725961547,0.14938635503659833,0.15110185672624998,0.1415876530342144,-0.012082905387479135,3.1285020037502846,6.518819354635209,B007
408,0.6208393846153847,-0.4787723076923077,0.021724929086538468,0.1708635009065085,0.1721563196404654,0.08311667566018703,0.23583708912309784,3.6062538157876385,7.9243673917048385,B007
409,0.44998338461538456,-0.39762092307692304,0.02425174218749999,0.14158269224868605,0.14357656460891374,0.029833498956926437,-0.14233609572063033,3.1341005117449927,5.920257748860493,B007
410,0.322728,-0.3490135384615385,0.021184851562500013,0.12463430313054945,0.1263619318242753,-0.06670831919604693,-0.3081457743222669,2.5539970412038366,5.964730574178421,B007
411,0.4078430769230769,-0.3861470769230769,0.022585467548076898,0.13829858670757242,0.14006400039951095,0.09775234305748323,-0.28075928930071203,2.911833702877024,6.201509891321117,B007
412,0.4647950769230769,-0.3667458461538461,0.0235867806490385,0.13545598296508773,0.13742904080990606,0.11140189997853027,-0.2438952799081231,3.3820732079909415,5.826528124155352,B007
413,0.4024190769230769,-0.4443507692307692,0.02167175661057689,0.14045219241311294,0.14204653785710394,-0.03717233895708651,0.03909555440184986,2.833008695557949,6.554454279344304,B007
414,0.4768947692307692,-0.4011673846153846,0.02288738942307693,0.15268401815925228,0.15431615589773,0.019818412008726662,-0.1965440608697828,3.0903748635808532,6.742409675702722,B007
415,0.5140283076923077,-0.39866399999999996,0.022108341346153863,0.15533798204175114,0.15682825981780915,0.10606278264718287,0.22363386584525904,3.2776510323424217,7.093623956782817,B007
416,0.5200781538461539,-0.4211944615384615,0.022467713942307715,0.15672035786053054,0.15824690556828305,0.04292374606422979,-0.031093282597971506,3.2864980959879926,7.043302490615077,B007
417,0.4163963076923077,-0.4262012307692308,0.022874350961538448,0.1500247534741194,0.15168613212169124,-0.04138602901996125,-0.14895349742799802,2.7451178421389963,6.6312758939801375,B007
418,0.3550633846153846,-0.3070818461538461,0.02310761718750001,0.13477971196606406,0.13668135540206722,0.08548328008695083,-0.4898524303429062,2.5977455635475395,5.914991333507314,B007
419,0.3800972307692307,-0.4516523076923077,0.024880847956730727,0.1328293836092404,0.13507579954543988,-0.12828596285783692,0.040179261661638765,2.8139550685492325,5.428906594355012,B007
420,0.4249495384615384,-0.35610646153846154,0.021122715144230773,0.12662975851167171,0.12831837577917002,0.016448692264725343,0.18831854867384434,3.3116810891750754,6.074899694617028,B007
421,0.30937661538461536,-0.3481790769230769,0.02314102824519232,0.12209540529232007,0.12421045561187495,-0.2745258621477047,-0.13336053850164342,2.490745355216601,5.367542630162962,B007
422,0.6179187692307693,-0.6160412307692308,0.02425235336538464,0.15506725838497526,0.15687749675108528,-0.14466212631901282,1.3574886893156046,3.9388617362451286,6.468547377138103,B007
423,0.4645864615384615,-0.4666726153846154,0.02178788040865384,0.163251588287216,0.16462006671312873,0.1344278088731876,-0.375286985601186,2.82217393550242,7.5555796904293615,B007
424,0.6141636923076923,-0.5434430769230769,0.023223944711538463,0.1669489171784889,0.16847573671809069,-0.02089690019684931,0.8356693645552111,3.645413305628503,7.254397941895982,B007
425,0.4374664615384615,-0.4184824615384615,0.0237414086538462,0.15637453054993394,0.1580910130678489,-0.0943631051161966,-0.06757714720698482,2.7671810879642558,6.658872494587112,B007
426,0.458328,-0.3294036923076923,0.022789600961538457,0.1265022377948403,0.12847783594427986,0.14896561759367874,0.11061534947637996,3.5673701742514905,5.637564087283023,B007
427,0.3684147692307692,-0.3865643076923077,0.024892867788461517,0.1255569276031195,0.12794061855116395,-0.07903775793693614,0.1704666001619244,2.8795762706387005,5.139649623273527,B007
428,0.519660923076923,-0.4138929230769231,0.021434008413461526,0.15361268170714928,0.15502654254436904,0.12770548924163816,-0.21174888896670074,3.3520770994953635,7.23273685229149,B007
429,0.3957433846153846,-0.3473446153846154,0.021939248798076915,0.13312474509154784,0.1348562996665998,-0.07618529493666913,-0.0844765281469897,2.9345561578789146,6.1468057045973525,B007
430,0.4316252307692308,-0.4303735384615384,0.01981907271634615,0.13546488861757378,0.13684155454698468,-0.06444060910429063,-0.02600571299537302,3.1541970726518738,6.904538698933278,B007
431,0.4136843076923076,-0.355272,0.020477922475961547,0.13341836780173774,0.13491635524741216,0.2115451056058956,0.2644835367653884,3.0662280116720133,6.588380994497203,B007
432,0.5503273846153846,-0.4687587692307692,0.023256133413461527,0.14547593056102054,0.14725293505106707,0.12613720520804464,0.8211879851306567,3.737293144102914,6.3317892288075495,B007
433,0.3767593846153846,-0.3229366153846154,0.025138561298076942,0.13971395101440848,0.1418903551472296,-0.008387439816249917,-0.6129096625556993,2.6552853731632995,5.644330773936693,B007
434,0.3859384615384616,-0.382392,0.019906878605769198,0.13237715428814215,0.1338016509399268,-0.009460591414798034,-0.2614888093480756,2.884407321040733,6.7213777503596095,B007
435,0.4282873846153846,-0.3686233846153846,0.022369110576923062,0.1351065542512032,0.13688072235207735,0.042025984907244456,-0.16294377604132393,3.1289094421474966,6.119184841139343,B007
436,0.4754344615384615,-0.4950443076923077,0.021050392427884604,0.1481650180147939,0.14958125963027422,-0.11741735467985312,0.12757474138946412,3.1784360067137496,7.105865609998318,B007
437,0.4264098461538461,-0.4042966153846154,0.022072078125000016,0.15062985517344438,0.1521656082391044,0.026508560235535043,-0.18424184809571773,2.8022747786990725,6.8940317888216205,B007
438,0.4704276923076923,-0.5325950769230768,0.01824467848557693,0.1572815861107819,0.15825993779326947,-0.08379497315837386,0.05395091139211949,2.9725001719778184,8.674306752973454,B007
439,0.5394793846153846,-0.4969218461538462,0.01966485216346155,0.17766160279722484,0.17866036954767953,0.10952975981236043,-0.12467631539002745,3.0195805929496435,9.085263802778083,B007
440,0.4017932307692308,-0.38531261538461536,0.02223546634615383,0.14153679491190832,0.1432044591792535,-0.07210365985362856,-0.4235595785402477,2.805731281497971,6.440362300025438,B007
441,0.4739741538461538,-0.43412861538461534,0.018827742187499986,0.14619300473481325,0.1473295864045574,-0.018501808998996744,0.05823772144193296,3.217100959916169,7.8251329839417325,B007
442,0.4942098461538461,-0.4476886153846154,0.018735250600961567,0.1365543637582441,0.13776753544834133,-0.13229768592175184,0.7301674709671033,3.5872736239747853,7.3533863187968524,B007
443,0.4672984615384616,-0.41660492307692304,0.02084198076923079,0.15022232381260311,0.15158857772139242,0.06998726782554224,-0.17909136449224314,3.0826759414374774,7.273232779543874,B007
444,0.3736301538461537,-0.31855569230769226,0.017625147836538454,0.12861246527475267,0.12975229700343902,-0.04826212346754268,-0.499770616199573,2.8795648514511534,7.3617707043824785,B007
445,0.3488049230769231,-0.314592,0.01808006790865386,0.13183818521991522,0.1330083531398117,2.0794231914205824e-05,-0.522995897241187,2.622428703483584,7.3566290686413005,B007
446,0.4969218461538462,-0.4278701538461537,0.018188450120192285,0.16677757457683934,0.1676854682092313,0.010913470060545324,-0.08555678736658699,2.9634162784684883,9.219337937050053,B007
447,0.4211944615384615,-0.43412861538461534,0.020092065504807702,0.16142384163125525,0.16259120767410126,-0.05338063885157182,-0.4364707301446695,2.590511919824756,8.092309256865395,B007
448,0.4387181538461538,-0.3890676923076923,0.017802593149038464,0.14216398492095442,0.14320542594026198,0.008990958390194322,-0.2082182270480626,3.0635581785089947,8.044076766872397,B007
449,0.3437981538461538,-0.34358953846153845,0.01969154026442309,0.12078931233939424,0.12232565810130573,-0.13055036705843048,-0.20602791381924132,2.810515464886626,6.212091916563415,B007
450,0.4925409230769231,-0.5424,0.02012140204326921,0.17002177299467575,0.1711258140270261,-0.0008082006093143506,0.11430063349467012,2.8782385981762837,8.504666506788933,B007
451,0.3984553846153846,-0.363408,0.01780890865384614,0.13205228896131305,0.13318383963133548,-0.1000952740900451,0.04720803594224021,2.9917697651482635,7.478495298058154,B007
452,0.5108990769230769,-0.4405956923076923,0.019604549278846174,0.1413997053623063,0.14268388051487013,0.14939203397512296,0.4325535592113505,3.5806362644435668,7.278100530922677,B007
453,0.5069353846153847,-0.4184824615384615,0.016815133413461532,0.1295882796085449,0.13061191136418182,0.034733305535402166,0.8041562233195045,3.881233949650349,7.767521562428943,B007
454,1.0021883076923075,-0.9548326153846154,0.01468966045673076,0.1960245280699584,0.1964786927739102,-0.3249201660191237,5.485735421073367,5.100748043176034,13.37530525995815,B014
455,0.35339446153846155,-0.3191815384615385,0.012336014423076922,0.08731267973575384,0.08813759961740532,-0.17474328784043522,0.6491675627748124,4.0095766514235045,7.144738697170031,B014
456,0.4022104615384615,-0.4001243076923077,0.0124360438701923,0.12916728401796174,0.12970177059738414,0.03347823865683884,0.7968675509233099,3.101040638735685,10.429504105261616,B014
457,0.4514436923076923,-0.4214030769230769,0.014010234374999986,0.10915795614266582,0.1100004993883063,0.029991905072432788,1.5135016682362419,4.104014934642046,7.851438915582483,B014
458,0.30270092307692303,-0.28663753846153844,0.014814951923076913,0.09353382876938053,0.09465472197621716,0.030994714086133718,0.24912351196897295,3.197948467409574,6.38913460318259,B014
459,0.2768326153846154,-0.21362215384615385,0.010003352163461538,0.09177854995697868,0.09227753467462034,-0.07697966512554086,-0.2647433137689523,3.0000001231150617,9.224661210236633,B014
460,0.7345347692307692,-0.7101267692307692,0.014160380408653856,0.17303755817662672,0.17353176274691445,-0.035327378772731295,2.8229821549565215,4.232854882607536,12.254738766824632,B014
461,0.604776,-0.5503273846153846,0.014154064903846153,0.16928275275747062,0.16979105666763322,0.13316830037505598,0.9131932555368191,3.5618837167840462,11.995921865632756,B014
462,0.4695932307692308,-0.41973415384615387,0.006756571514423084,0.12979215670206334,0.1299045958551062,0.2214318105403996,0.6046788480832812,3.6149085232751017,19.22640729514993,B014
463,0.25138153846153843,-0.2021483076923077,0.014793560697115368,0.08418750526979876,0.08543690104243076,0.17226468998808744,-0.35859689136903405,2.9423063734099406,5.775276337568298,B014
464,1.014496615384615,-0.7944073846153846,0.011374631610576922,0.2651196105228749,0.2652341401568684,0.23316087447445746,0.8379549291264485,3.8249096243213927,23.31804222215296,B014
465,0.3377483076923077,-0.3164695384615385,0.01372216586538462,0.11471410273760466,0.11547628457502525,-0.03785849050058174,0.02934494367231188,2.9248283224151685,8.415310360467544,B014
466,0.762072,-0.4892030769230769,0.0113269597355769,0.15790652467392305,0.15823533259852604,0.497630005500965,3.4321042016907004,4.816067230278623,13.969797394222555,B014
467,0.6323132307692307,-0.5061009230769231,0.010310570913461522,0.14343351429174786,0.14373374657805016,0.09158296557917138,2.0139651604506428,4.399198141167722,13.940425586946967,B014
468,0.3152178461538461,-0.32001599999999997,0.010783418870192324,0.09407980484115692,0.09465013596049726,-0.06566150923194672,0.43122920483784455,3.3303475262349758,8.777377295630282,B014
469,0.3108369230769231,-0.2680707692307692,0.014086631610576925,0.10327243147424517,0.10417875533496446,-0.008799852783432467,-0.2957649441656578,2.9836882008956014,7.395576047913543,B014
470,0.23531815384615384,-0.19192615384615386,0.010030040264423072,0.07996197529710382,0.08054983017405072,0.2233412860902044,-0.04339898266379194,2.921398509937045,8.030858107296337,B014
471,0.9984332307692309,-0.9788233846153844,0.007638297475961531,0.2979456385890353,0.2978980633093532,-0.16380020180179108,1.258433843522318,3.351593560822866,39.00058412844845,B014
472,0.5870436923076923,-0.6327304615384615,0.013446117187500013,0.17366887094984215,0.17410405171398075,-0.06019089256700282,0.9059226445765484,3.371797993949569,12.948277133553027,B014
473,1.2012073846153846,-1.0426596923076925,0.011254025841346152,0.22181608125416136,0.22199319315538896,0.20251257360869426,9.199205327018037,5.411009984322237,19.72566939910591,B014
474,0.6546350769230769,-0.7234781538461538,0.015777760817307706,0.19506452193262194,0.19560661309449548,-0.017708402118587634,1.3252836634096132,3.346691947510126,12.397615565316546,B014
475,0.31396615384615384,-0.3212676923076923,0.011034001802884608,0.1085788074945766,0.109085258345747,-0.19294887961577845,-0.10245856074283566,2.8781721619160896,9.886282447156113,B014
476,0.29498215384615384,-0.2939390769230769,0.011239153846153843,0.0965764636825228,0.09718139485074716,0.021479468166754192,-0.2610359134701548,3.035376825977776,8.646682497722338,B014
477,0.2509643076923077,-0.17982646153846152,0.01326480108173078,0.07715033923869707,0.07824523705400349,0.0756741236881754,-0.3931406143565432,3.2074068293651736,5.898711678516487,B014
478,0.8313323076923077,-0.7704166153846153,0.00906091586538462,0.17228189145957565,0.17243597339504307,-0.02172635107887009,4.420086150595644,4.821107169950917,19.030744348239626,B014
479,0.3730043076923077,-0.2937304615384615,0.010006815504807686,0.10174517144484126,0.10218662738268648,0.06926605576596287,0.08285380614189862,3.6502262306340287,10.211702947215509,B014
480,0.2737033846153846,-0.2424110769230769,0.011289474158653872,0.0893871305082168,0.09005392015443629,0.0071326508971611795,0.15234752040339572,3.039327817667483,7.976803781016325,B014
481,0.3752990769230769,-0.2689052307692308,0.009094530649038462,0.0967421461368227,0.09712164350242466,0.2981997264434701,0.20937215472578247,3.8642167017458617,10.679126526743088,B014
482,0.5261279999999999,-0.6079052307692308,0.010717411658653852,0.13602919985650633,0.13638451477062127,-0.026744033268112026,3.230163800400001,3.857681356896492,12.725508650262267,B014
483,0.3337846153846153,-0.2837169230769231,0.00949627824519231,0.10000233994318287,0.10040359163195572,0.06679094070948781,0.1485717282524659,3.3244290364447555,10.572941213341883,B014
484,0.3538116923076923,-0.3212676923076923,0.0148726063701923,0.0924477109633492,0.09359181274980596,-0.070219699671129,0.6826753274040946,3.7803701190564434,6.292899201405801,B014
485,0.22238400000000005,-0.1777403076923077,0.008336873798076927,0.07454147211498957,0.0749700495370174,0.2053297845124448,-0.2611651024116779,2.966304562599964,8.992585392657713,B014
486,0.31626092307692305,-0.3642424615384615,0.01324687319711538,0.11700312395206773,0.11769384769859245,-0.13541548902962458,-0.29282044682296826,2.687149152323153,8.884651188796859,B014
487,0.2501298461538461,-0.2885150769230769,0.0110780066105769,0.10198797845050872,0.10253834510763457,-0.03639110182336999,-0.3965518258459837,2.4393786138374343,9.256028517778145,B014
488,0.19526400000000002,-0.2230098461538461,0.009290515024038465,0.07508492148627223,0.07562111803746074,-0.1998384039665399,-0.014447857827247113,2.5821358513011043,8.13960451512076,B014
489,0.2474178461538461,-0.25972615384615383,0.013671641826923065,0.08788654715152779,0.08890115830291441,0.025782616731908087,-0.2534245884919679,2.7830666200187757,6.502595622995668,B014
490,0.2517987692307692,-0.28017046153846153,0.011248932692307688,0.09004657526563803,0.09070284371704923,-0.001853685156994921,0.2806608106952275,2.7760846177685945,8.06323997111959,B014
491,1.2669212307692306,-1.0384873846153846,0.011299864182692285,0.31893478565346345,0.3189792298586963,0.18829455878175205,2.0348167997324564,3.9717985128074336,28.22858971590727,B014
492,0.4833618461538461,-0.31188,0.01129232632211538,0.10428092691021452,0.10483991945184692,0.557787719922635,1.6408222079358092,4.61047517664161,9.284173735444034,B014
493,0.5895470769230768,-0.4889944615384615,0.008491094350961546,0.1543618516837332,0.15451993663015873,0.013766747182748479,1.3704895728312978,3.8153463545234905,18.19788242167638,B014
494,1.4279723076923077,-1.094604923076923,0.009991739783653846,0.2703395063744395,0.2703921467337801,0.3230408929942747,4.084131229436704,5.281116056592597,27.06156811410689,B014
495,0.3473446153846154,-0.3262744615384616,0.01058315625,0.11110658735079633,0.11155546424756782,-0.12836416038669046,0.10393078026493184,3.113649499174473,10.54085015966459,B014
496,0.4380923076923077,-0.5225815384615384,0.008742288461538447,0.1171301143445476,0.11739886447557883,-0.4154105239685001,3.343020127137433,3.7316571131183234,13.42884817769091,B014
497,0.273912,-0.2453316923076923,0.00841062259615385,0.09097064761480347,0.09131437784892173,-0.2699135994212501,-0.18802778862336256,2.999659050989574,10.857029524862938,B014
498,1.2168535384615384,-0.8409286153846154,0.010255361177884604,0.22342603825961413,0.22355227082681556,0.9502084249189601,8.097933446376723,5.443261810586691,21.798576076374534,B014
499,0.4581193846153846,-0.3327415384615385,0.006196528846153839,0.10958163453173747,0.10970325839471297,0.16251537400431187,0.910861646823168,4.175987033740315,17.703985750474697,B014
500,0.4105550769230769,-0.36278215384615387,0.008859023437500006,0.11195983868738192,0.11225527408047596,-0.03849101712661143,1.2978930974311478,3.6573344128913674,12.671292143251634,B014
501,0.6003950769230769,-0.4731396923076922,0.010262084134615379,0.15648064650263466,0.15674052061633775,0.1255837357774188,0.9390931504044304,3.830503271025215,15.273751273158153,B014
502,0.5330123076923077,-0.4495661538461537,0.006349527043269234,0.12814954375141244,0.1282442382705413,0.19652715871844184,1.0863635049820315,4.15622810724546,20.19744736838086,B014
503,0.454572923076923,-0.34442399999999995,0.010462143028846151,0.1195410418369575,0.11993982650827482,0.1402457565627187,0.7012592231263102,3.790008175854426,11.464173848281135,B014
504,0.2720344615384615,-0.3646596923076923,0.009012836538461544,0.09585937368152064,0.09623552926650784,-0.10147682501087156,0.20605810848351205,2.826757057521953,10.677607305517034,B014
505,0.5851661538461538,-0.5467809230769229,0.009712024038461541,0.1375897022544591,0.13786501494146336,0.0485842570966914,2.637011767627995,4.244486203367924,14.19529177393822,B014
506,0.34651015384615386,-0.4309993846153846,0.00705767848557692,0.1101322578467636,0.11030448860281217,-0.03919766020530649,0.9768467500830792,3.1413966760126906,15.629004470553674,B014
507,0.3713353846153846,-0.3348276923076923,0.010532224759615391,0.1170312596235584,0.1174472995821302,0.04908547124251336,0.12956610814215264,3.1617192216131964,11.151233691144576,B014
508,0.743088,-0.7136732307692307,0.009210858173076935,0.1352527776997097,0.13550014472110386,0.09520764761631416,7.222864073412494,5.484038423202256,14.710914246532068,B014
509,0.5555427692307692,-0.5640959999999999,0.0066569495192307935,0.182713407757384,0.18274545850384846,0.011430243921592307,0.4807174945786286,3.039981260158484,27.451831800125266,B014
510,0.3364966153846153,-0.32001599999999997,0.014675399639423057,0.10452828708252558,0.1055028913069396,-0.11625269547262534,-0.038113649494259334,3.1894539686656125,7.189098348199212,B014
511,0.2409507692307692,-0.2146652307692308,0.009731581730769231,0.08833191065075424,0.08882347925784984,-0.004958342601005083,-0.5445299890648769,2.712692311132081,9.127342472704976,B014
512,0.2853858461538461,-0.2618123076923077,0.008816444711538468,0.09567063981203244,0.09602948853604716,0.16743036535561748,-0.006021080626663622,2.9718563589633114,10.892087647344873,B014
513,0.28476,-0.3467187692307692,0.011566541466346144,0.09529866502099724,0.09595181841029887,-0.06815592935563647,0.4891280561237177,2.9677394833971755,8.295636054172203,B014
514,0.3191815384615385,-0.5111076923076923,0.009998259014423071,0.1105630467354687,0.11096041998764884,-0.5815395437588752,1.874329625629791,2.8765350608538345,11.097974140055983,B014
515,0.3590270769230769,-0.3252313846153846,0.010313219350961536,0.117414201620314,0.11780914333094095,-0.089838557086486,0.2854176647056277,3.047531513870056,11.423120106522047,B014
516,0.2712,-0.26619323076923074,0.011699778245192295,0.08218551731697556,0.08297438108252284,-0.1823333667342413,0.12181412218886802,3.2684787335777274,7.091961859757374,B014
517,0.5380190769230769,-0.4687587692307692,0.01053752163461537,0.1002325298687518,0.10073623137827488,0.3456912565971567,3.7707989710083,5.340869611279781,9.55976508246114,B014
518,0.5453206153846154,-0.485448,0.009822239783653841,0.13829364320679227,0.13857464147274273,0.03988911303723485,1.5845340772542065,3.935212168612239,14.108252753446159,B014
519,0.5204953846153846,-0.4921236923076923,0.01181508713942308,0.11030635259383748,0.11088374718968426,-0.11151407164818064,3.185904771239777,4.694063808332475,9.384928429321647,B014
520,0.31125415384615385,-0.2138307692307692,0.015380291466346169,0.09234066163320212,0.09356828632330323,-0.01935886141622653,0.004720710532399863,3.3264919779623647,6.083648448928377,B014
521,0.3062473846153846,-0.2574313846153846,0.006029677283653839,0.09209876695249362,0.09225105148778356,0.01902918472263488,-0.16893486940966618,3.3197170078428835,15.299500644565446,B014
522,0.3193901538461538,-0.31354892307692306,0.011184555288461549,0.1025384078405641,0.10309680722118736,0.02635277358491389,0.02490547405351684,3.0979635786482063,9.217783323718406,B014
523,0.2707827692307692,-0.2707827692307692,0.01213004747596153,0.08813989177949423,0.08892801589858731,-0.14213732356455178,-0.036745939869838214,3.044965824263609,7.3312174643024735,B014
524,0.4287046153846154,-0.3711267692307692,0.006016842548076923,0.09350341499657383,0.09365123081468693,0.17717290062936925,1.9826451648165115,4.577671982047068,15.56484652313518,B014
525,0.3744646153846154,-0.4654209230769231,0.01011030829326922,0.11943236128507585,0.11980140851248708,-0.4739897785476749,0.7655701983511851,3.1257112919969083,11.84943179153528,B014
526,0.4057569230769231,-0.4145187692307692,0.011020555889423071,0.1116195769932208,0.1121080536645804,-0.010389183242123208,1.2090778138876468,3.619337860337135,10.17263147062986,B014
527,0.2284338461538461,-0.4188996923076923,0.007527674278846139,0.0909013961565364,0.09116830756897447,-0.3958480482834361,1.070619031131003,2.50562780252361,12.111085601189027,B014
528,0.2737033846153846,-0.2668190769230769,0.00996892247596155,0.08984840065162418,0.09035613418366102,-0.09549184828865527,-0.1724281397694507,3.0291621823820574,9.063781406821075,B014
529,0.22154953846153846,-0.2438713846153846,0.008584197115384613,0.08816010633615902,0.08853418970097865,0.022098918465474425,-0.35727904887392725,2.502417870540351,10.313624968176413,B014
530,0.31542646153846154,-0.4585366153846154,0.009911879206730772,0.1100811894282773,0.1104729820346344,-0.4945720742718043,1.2628203481542257,2.8552362372147444,11.145513351253962,B014
531,0.4727224615384616,-0.29498215384615384,0.006011953125000002,0.11489057156363022,0.11499172379998104,0.4196561700442766,1.2525375393939298,4.110925951164318,19.12718236637632,B014
532,0.26619323076923074,-0.33065538461538463,0.012581300480769228,0.09097771555163958,0.09179951467708032,-0.30731783576126515,0.06621642827509833,2.8997237262703246,7.296504428727201,B014
533,0.29873723076923075,-0.4182738461538461,0.010124772836538462,0.10856920974397907,0.1089874915774159,-0.07525519149835995,0.6084797306547487,2.7410230884801305,10.76443820883565,B014
534,0.2887236923076923,-0.22426153846153848,0.008027821514423087,0.09110343330384474,0.09141212266352693,0.2634100001626519,-0.0062003272960007285,3.158483622248189,11.386915179827113,B014
535,0.4136843076923076,-0.4850307692307692,0.014624875600961543,0.11467846031927854,0.11555169115310936,-0.3675901582440528,1.5519255583721163,3.5800800798680115,7.901037540826137,B014
536,0.2712,-0.18650215384615385,0.009975237980769226,0.08272440646492363,0.08328355096181014,0.2493626041938157,-0.2957043872017655,3.2563453031002414,8.34902897779165,B014
537,0.3548547692307692,-0.3170953846153846,0.009812257211538477,0.1023233297960874,0.10274297805906016,-0.08793689447865652,0.38253039071135575,3.45381043001096,10.470881046436707,B014
538,0.4906633846153846,-0.412224,0.012071578124999986,0.12640705766429325,0.12692069564638556,0.1573073019071749,1.0220501328532778,3.8659052577400335,10.51401020911553,B014
539,0.5499101538461538,-0.4045052307692307,0.013623358774038473,0.13915111436907227,0.13974877216951814,0.19938311992086025,1.4037757823638417,3.934990950611727,10.258026268516996,B014
540,0.2885150769230769,-0.357984,0.00879729447115386,0.08953779380298613,0.08992541237839176,-0.27392766117695266,1.0824753659353776,3.2083820278638435,10.221939560310872,B014
541,0.7124215384615384,-0.7263987692307693,0.013454469951923084,0.19881750281771,0.1991753504723721,0.07076058736890968,1.3894358938418172,3.576855955176841,14.803656419322813,B014
542,0.5611753846153846,-0.3894849230769231,0.01576044411057691,0.14021986261657965,0.14103474990187428,0.4137584417895352,1.175480268631671,3.9789866327683465,8.948653281110598,B014
543,0.9508689230769232,-0.836964923076923,0.007487743990384611,0.19356132747269936,0.19361163685235425,0.1784917946526632,4.60253607411928,4.911217830372683,25.857138959475733,B014
544,0.330864,-0.3214763076923077,0.013729296274038452,0.09769897484053876,0.09861167215105496,-0.13701431033552666,0.13566108701323865,3.3552214741189776,7.182572958056537,B014
545,0.4022104615384615,-0.2705741538461538,0.015047199519230775,0.0895480888910251,0.09076038518659414,0.3622297694495436,1.0222427014396596,4.431564065220279,6.031712749644853,B014
546,0.4558246153846154,-0.519660923076923,0.00997992367788459,0.15080208315940452,0.1510584618352197,-0.2317737371002445,0.9991941430811792,3.0175377787299738,15.136234174812751,B014
547,0.5624270769230769,-0.588504,0.011369742187500021,0.14345593465198944,0.14383594458130336,-0.10442638612860752,2.069417584989512,3.910198376075354,12.650765708604867,B014
548,0.3684147692307692,-0.32231076923076923,0.01252486838942305,0.09528228780228233,0.0960558210886176,0.10350453235921604,0.3227499992080567,3.835423663609967,7.669208018962849,B014
549,0.6289753846153846,-0.5438603076923076,0.00986665204326922,0.1715480375091253,0.17174789955758388,0.1715328659318611,1.1539689895012728,3.662201320863903,17.406907510713925,B014
550,0.5300916923076923,-0.5697286153846154,0.013076762019230779,0.11614088593616667,0.11681838265911625,-0.18309129939149227,4.675380476909821,4.537742093678312,8.933280462496931,B014
551,0.5780732307692308,-0.5713975384615384,0.012132695913461552,0.14877457862826726,0.14919605371323352,0.2555969217495823,1.9591167095325552,3.8745879423884273,12.297024072588556,B014
552,0.4656295384615385,-0.2403249230769231,0.010906469350961541,0.0965001170355762,0.09706765499065198,0.2962139968640232,1.3606730391219788,4.796958765578301,8.900007130363804,B014
553,0.40930338461538457,-0.40387938461538464,0.010510222355769214,0.13542211262083215,0.135763411992574,-0.1276693340603787,0.2254760036501349,3.014828359188356,12.917273050655439,B014
554,0.8536541538461538,-0.6907255384615385,0.013222833533653841,0.1705372679421213,0.1709660836421474,0.2986029440039227,3.6627688095542346,4.993119896417318,12.929610223634471,B014
555,0.3133403076923077,-0.2580572307692308,0.01198417968749999,0.10019987620233987,0.10086541057970076,0.09507774131984444,0.02439187370256501,3.106518933412915,8.41654691517248,B014
556,0.3842695384615384,-0.2563883076923077,0.008322205528846164,0.09658933647222147,0.09690019703407528,0.2421161303677079,0.6151827662466021,3.9656218482859087,11.643571730859433,B014
557,0.862416,-0.8680486153846153,0.01406829627403846,0.20628361222424813,0.20666226079749447,-0.06234124370213446,3.2684881899599976,4.173069609671353,14.68992810301185,B014
558,0.6656916923076922,-0.6946892307692308,0.012053039062499993,0.1460478073139346,0.14647323213069988,0.10267404395596297,3.1352388116007948,4.544801003050764,12.152390062885846,B014
559,0.5716061538461538,-0.4656295384615385,0.007998892427884622,0.1369118284042269,0.13707853778289705,0.039030287218763504,0.9068226482707288,4.169917210172281,17.13718980705791,B014
560,0.24595753846153845,-0.1948467692307692,0.01293048677884616,0.07642173939747296,0.07747113230252896,-0.0014296077948612214,-0.36263367438194427,3.1748282379694794,5.9913546664978705,B014
561,0.5661821538461538,-0.5069353846153847,0.00972098798076922,0.14597227823929615,0.1462244682661748,0.1568922901613882,1.2381761538631464,3.8720069257870238,15.042140629681557,B014
562,0.4693846153846154,-0.5067267692307692,0.00984953906249999,0.11984734024108445,0.12019305986402945,0.147259106072423,3.2711870938714083,3.905255560642313,12.202912146583465,B014
563,0.38760738461538463,-0.2712,0.010668517427884609,0.10954125078036916,0.11000629452113674,0.23303533436116325,-0.17163152845409435,3.523501871439814,10.31130100923022,B014
564,0.25200738461538463,-0.2880978461538461,0.00883702103365384,0.07851216676394224,0.07896982704106724,0.011443917489547454,0.6323261521176065,3.1911857231792014,8.936249754337815,B014
565,0.5229987692307692,-0.5215384615384615,0.009045432692307686,0.122137851925014,0.12241285350448683,-0.2119736899343136,3.459612216310899,4.272417105378558,13.53311197689722,B014
566,0.4846135384615384,-0.4228633846153846,0.0076639669471153795,0.11918105284302777,0.11936912721438266,0.07913003839144479,1.2149805852478135,4.059789576840837,15.575370827938091,B014
567,0.4760603076923077,-0.4900375384615385,0.01064651502403847,0.1324607766526897,0.1328234580459003,-0.08434025573038792,1.049454904788929,3.584158361001216,12.475768619684649,B014
568,0.2568055384615385,-0.235944,0.005634856370192307,0.08384391077397571,0.08399218975466062,0.1646493545881182,0.08347517979958274,3.057493074197278,14.905826206852215,B014
569,0.3980381538461538,-0.5799507692307692,0.007714898437500016,0.11370712254619778,0.11391313838454176,-0.6531111514653731,3.28703761254582,3.4942251569127905,14.765345170435564,B014
570,0.3621563076923077,-0.4303735384615384,0.010177537860576921,0.11975290758633846,0.12012633560109287,-0.15788524052304154,0.5877069650316789,3.014795264336798,11.803084129650529,B014
571,0.2853858461538461,-0.2474178461538461,0.0051310420673076965,0.08907945398216413,0.08918367308758228,-0.16509681564681744,-0.171208090502581,3.1999786090171987,17.381200917414766,B014
572,0.2340664615384616,-0.2374043076923077,0.010287957331730772,0.07712603024414331,0.07777183036896443,0.029751677121913487,0.34324449893661635,3.0096560724880153,7.559501644616624,B014
573,0.28955815384615385,-0.273912,0.010225006009615373,0.09193028049060603,0.0924525506243912,0.048431360276639586,-0.07784349987620587,3.1319650122206735,9.041808927784572,B014
574,0.44038707692307694,-0.39866399999999996,0.0062983918269230894,0.10616726170098544,0.10630216312343392,0.16308179712398466,0.9671935669274024,4.142785659137686,16.877667513322212,B014
575,0.2568055384615385,-0.2789187692307692,0.008563213341346153,0.0892748820482818,0.0896412292412441,-0.306616001708632,-0.015756466201741315,2.8648150034892845,10.46817656736698,B014
576,0.6709070769230769,-0.6646486153846154,0.009137516826923072,0.12726522134156568,0.1275308352685687,-0.15782500052572562,6.144726316131816,5.2607440036772735,13.95683725504152,B014
577,0.7931556923076923,-0.7330744615384615,0.0067088996394230795,0.1800119458939257,0.1800490632411672,0.1595070653541893,2.87663641300704,4.405219766377223,26.837346348595876,B014
578,0.6805033846153846,-0.5768215384615385,0.008118072115384612,0.1539279399070124,0.15406678841298435,0.12151322706241853,2.40965744316833,4.41693756081459,18.97824831107516,B014
579,0.3448412307692308,-0.3757163076923077,0.010303440504807693,0.10873776793851136,0.10917195740214916,-0.2161645723276273,0.6846290344786814,3.1586978833672736,10.595679894614658,B014
580,0.34358953846153845,-0.28893230769230765,0.009389322115384626,0.08540481567055612,0.085877930108289,0.24887089885901625,1.14717186359118,4.000906146995908,9.146339752001476,B014
581,0.752892923076923,-0.7568566153846153,0.008899768629807691,0.1721021272143938,0.1722481440533883,0.04182187711846525,5.158051991691297,4.370978434714303,19.35422719602884,B014
582,0.4516523076923077,-0.44998338461538456,0.012617156250000013,0.1146749423471176,0.11531128697096145,0.1297987149557148,1.5965683658290724,3.91680918283434,9.139245380349582,B014
583,0.4837790769230769,-0.3379569230769231,0.009509724158653846,0.10140647535407707,0.1018020915221472,0.37884722403381904,1.7127990705804734,4.752152629573727,10.705051989284811,B014
584,0.2330233846153846,-0.19526400000000002,0.00943047475961538,0.07980607468867935,0.08032262243920511,-0.0739324834859562,-0.4453580155045951,2.9010928370989912,8.51734663276709,B014
585,0.4942098461538461,-0.5346812307692307,0.011902893028846164,0.12304942964374925,0.12356397010034953,-0.26969039694667296,3.1810211813514484,3.9996274460304684,10.381003156198867,B014
586,0.6529661538461539,-0.5759870769230769,0.009083325721153852,0.13451434108882834,0.13475512879818324,0.4706520956625302,3.5156883511124963,4.845575524060922,14.835439456316815,B014
587,0.2883064615384615,-0.17648861538461538,0.009724451322115394,0.07343559038074073,0.07404110004294842,0.2543957370615634,0.2586199261283544,3.893870585002464,7.613910295850192,B014
588,0.24449723076923074,-0.2301027692307692,0.011318810697115359,0.082586879612156,0.08331894997314147,-0.008583926194888016,-0.2405184623635939,2.934473260261277,7.361104642767426,B014
589,0.4743913846153846,-0.3425464615384616,0.010133329326923072,0.10467961760271784,0.105118056043283,0.2789465293191156,2.1951054927560305,4.512939094117675,10.373496474055829,B014
590,0.5513704615384615,-0.458328,0.010453586538461554,0.1257983918883078,0.1261707515304337,0.0376972759285562,1.8266265440692475,4.37003390128389,12.069613722162972,B014
591,0.5079784615384615,-0.5150713846153846,0.010832720552884614,0.13517819051639374,0.1355457345675826,0.03386558086495636,1.9792868698373576,3.7476536104880918,12.512621728388305,B014
592,0.2680707692307692,-0.19693292307692306,0.01213371454326923,0.08444661698743879,0.0852730558637925,0.10737665880930893,-0.2384847361843927,3.1436749453304613,7.0277783080940255,B014
593,0.3550633846153846,-0.4301649230769231,0.008805036057692311,0.1290663962293012,0.12930350183189598,-0.1693537728552713,0.21048639278975576,2.745968822074076,14.685175731782847,B014
594,0.9804923076923076,-0.7864800000000001,0.012918670673076914,0.17582514566360574,0.17621346139244942,0.21885884849344087,6.1065491559306775,5.564230450638664,13.640216230582153,B014
595,0.24887815384615386,-0.2351095384615385,0.014278948918269219,0.08724676907516668,0.08836545424413224,-0.15549094763942714,0.06390613566336611,2.816464374851332,6.188512526371808,B014
596,0.238656,-0.1883796923076923,0.00937852463942309,0.07924176788503343,0.0797563941905876,0.06262421668172223,-0.31531949944533544,2.9923118067462093,8.504151479789014,B014
597,0.6172929230769231,-0.4251581538461538,0.015723569711538456,0.1353273338366118,0.13617207372612875,0.3535762072764227,3.1560536935615384,4.533182951435634,8.660379050324769,B014
598,0.39657784615384617,-0.5102732307692307,0.015017455528846143,0.13183724013737866,0.13262582014170116,-0.1682863325818995,1.0545507086830537,2.9902008954978085,8.831444174211006,B014
599,0.6133292307692307,-0.4618744615384615,0.010073026442307698,0.13927016337043086,0.13956612299000085,0.3474089361192358,2.305606562308688,4.394542297439705,13.855431015628971,B014
600,0.19818461538461532,-0.1942209230769231,0.0154291856971154,0.06856631993677198,0.07024819462719174,-0.3050018342271603,-0.04311826932468321,2.8212058179770194,4.552942456342668,B014
601,0.4585366153846154,-0.4783550769230769,0.013773708533653851,0.13711995342154634,0.1377433681182922,-0.1833113792022889,0.8870141285816024,3.3289197269434436,10.0004561430742,B014
602,0.5298830769230769,-0.547824,0.013666752403846148,0.14008097577754458,0.14067799089708194,-0.17465491108282086,2.018666960628094,3.7666380756797415,10.29344695360778,B014
603,0.21821169230769227,-0.2127876923076923,0.013157844951923072,0.07595848855952657,0.07705314012548885,0.026179055019596456,-0.1213514688540811,2.8319636545936016,5.856060806844148,B014
604,0.25930892307692305,-0.18650215384615385,0.015864751802884627,0.08501860532496702,0.0864453286649687,-0.0235122768572491,-0.17509893217002093,2.9996869360276492,5.448892597818688,B014
605,0.2828824615384615,-0.2317716923076923,0.009619939903846157,0.08919433028149125,0.08966829221975436,-0.1445703231788424,-0.16465290608867497,3.1547657988755713,9.321086526112706,B014
606,0.4960873846153846,-0.3120886153846153,0.012546259615384622,0.12139419202795852,0.12198183195249483,0.4474395542913012,0.73343283024996,4.066895673517866,9.72256558463981,B014
607,0.4332941538461538,-0.4401784615384615,0.015994525240384617,0.13149999954378036,0.13240539171388024,-0.19753743339872631,0.8703071058525134,3.2724811900596564,8.278169543886774,B014
608,0.2059033846153846,-0.1908830769230769,0.00836682151442308,0.0713564619322961,0.07181069526787358,-0.0026650805711815107,-0.3705573706624312,2.867308049968164,8.582792777888626,B014
609,0.8728467692307691,-0.8438492307692307,0.009824888221153835,0.20799527279138655,0.2081257164612968,0.0966520957566972,2.4040596867579858,4.193843913532349,21.183520033661466,B014
610,0.4115981538461538,-0.431208,0.012002922475961549,0.13174593943592955,0.1322275028796006,-0.2235011919621998,0.4591466177554868,3.1128028956346045,11.016275673229986,B014
611,0.4320424615384615,-0.3262744615384616,0.00894214362980769,0.10355963224453757,0.10389459140706812,0.13237054936104328,1.0519854430677258,4.158469230084185,11.618533061887586,B014
612,0.2718258461538461,-0.2338578461538461,0.010430972956730759,0.09419982536517736,0.09472986152065002,0.13500159864147232,-0.17612662730796336,2.869484255443477,9.081594009840089,B014
613,0.45665907692307706,-0.4789809230769231,0.00959753004807693,0.11943480111196733,0.11976165478234516,-0.05770056550032865,1.8356981253825173,3.8130658577907033,12.4783828946013,B014
614,0.7009476923076923,-0.6604763076923077,0.011948731370192318,0.1355485673595638,0.1360082479387453,0.22799873005897864,5.256552613955527,5.153714594010369,11.382651741425516,B014
615,0.6035243076923077,-0.7718769230769231,0.009610772235576931,0.14330515681748926,0.14355723550766505,-0.333155586441486,5.452207834546722,4.204067496549719,14.937117641415766,B014
616,0.4030449230769231,-0.34066892307692304,0.013910612379807688,0.10290701264777273,0.10379314397060926,0.14915662855893236,0.9557239100477636,3.8831555501493615,7.461435998408878,B014
617,0.7931556923076923,-0.7107526153846154,0.01435616105769231,0.16866394939374502,0.16919174446916282,-0.1047794303628751,3.43457864234259,4.687910127034917,11.785305541588821,B014
618,0.32543999999999995,-0.40930338461538457,0.007948164663461538,0.10308358065584264,0.10333934753947964,-0.10962682902110947,0.57561042768172,3.1492360630172285,13.001661630708325,B014
619,0.417648,-0.30061476923076924,0.015595222355769225,0.09399923991172614,0.09523885392845216,0.19226442472544425,1.1340554754785457,4.3852690658557965,6.106925041259188,B014
620,0.4228633846153846,-0.2595175384615385,0.014457005408653831,0.10285939149636697,0.10382064987272617,0.4254588367926099,0.9553327534993508,4.0730180858410465,7.181338523300274,B014
621,0.8561575384615384,-0.8501076923076923,0.006924441706730768,0.20096581392253227,0.2009869786242336,-0.015316632473402347,4.146878001253155,4.259766201382703,29.025730468474908,B014
622,0.7057458461538462,-0.8350873846153846,0.01384440144230767,0.17929657311730998,0.17974296863356798,-0.32946104117686675,4.170180883367927,3.9264169915464735,12.983079794571983,B014
623,0.7401673846153847,-0.6193790769230769,0.011490755408653859,0.18629202069450024,0.18655525484191346,0.08644671111999201,1.454798534989405,3.9675504463414932,16.23524722329534,B014
624,0.2872633846153846,-0.30833353846153844,0.010777918269230774,0.08226577448374953,0.08292895834962684,-0.2295552008332573,0.9396031555373936,3.4639695268363058,7.694339136563662,B014
625,0.7677046153846154,-0.8269513846153846,0.012908688100961529,0.1542614379537081,0.15472552022662986,-0.30708100443142744,8.347352667898317,4.9617194000068086,11.986153745174525,B014
626,0.4746,-0.4620830769230769,0.01531734014423076,0.13481046458548554,0.1356124417572459,0.0047066520826384035,0.7955564039053256,3.4996788926606115,8.853524207224972,B014
627,0.7372467692307692,-0.8403027692307693,0.012896668269230764,0.1463706339866553,0.14686648466244526,-0.4548818119920355,7.781256063570224,5.0198435056523705,11.387940016480336,B014
628,0.2284338461538461,-0.19985353846153847,0.013604819711538449,0.08043053116946458,0.08153431186977461,0.09630049144659186,-0.3889348740488834,2.8016897538633456,5.993046111491221,B014
629,0.7026166153846154,-0.5655563076923077,0.01564330168269231,0.1641937769254354,0.16485745824115566,0.04314034551298178,1.8010036860580412,4.261964383539254,10.538533462124134,B014
630,0.4793981538461538,-0.31041969230769234,0.011573875600961537,0.10248904605542372,0.10309074323537908,0.2706086344047916,1.7075690484677883,4.650254123705184,8.907192956766748,B014
631,0.3108369230769231,-0.4088861538461537,0.008284923677884614,0.10260790292097144,0.1028918853913812,-0.04337121652690423,0.5098179903698385,3.0210052220790637,12.419171182715413,B014
632,0.28017046153846153,-0.20444307692307687,0.014482878605769247,0.08027338970403007,0.08153084126361701,0.2313979649219797,0.1933075976303278,3.4363739806458624,5.6294638298728295,B014
633,0.8678400000000001,-0.6946892307692308,0.00803576682692308,0.18597674544048068,0.18605952457290995,0.2779160079658389,2.903461129033447,4.664313756536153,23.15392277803968,B014
634,0.9902972307692308,-0.8834861538461539,0.011198408653846172,0.18038741176163853,0.18064674286414295,0.014227203768567946,7.48829341397761,5.4819545321887855,16.13146550086816,B014
635,0.32669169230769235,-0.2918529230769231,0.013640675480769256,0.09042894273797207,0.09140829271055707,0.09660534746938784,0.4065204129197242,3.573983088625848,6.701155880397952,B014
636,0.3705009230769231,-0.4120153846153846,0.010869798677884608,0.11021454266239576,0.11069568823232878,-0.070394149287313,0.759827129321593,3.3470221739740533,10.183784586327912,B014
637,0.3848953846153846,-0.2968596923076923,0.013735000600961549,0.09544841119515077,0.09638543752542998,0.051267613892835295,0.556971030498413,3.9932939507986895,7.0175051553097365,B014
638,0.5782818461538461,-0.5013027692307692,0.013091430288461523,0.13173698088763414,0.13232184172480296,0.026651151707654468,1.6013003403080417,4.370267513027296,10.107516047458027,B014
639,0.6761224615384615,-0.6919772307692308,0.015130319711538453,0.14812679491093242,0.1488255577943679,-0.2858914993110033,3.759106097835594,4.543053434898991,9.836246730521683,B014
640,0.33899999999999997,-0.2958166153846153,0.01054485576923077,0.10607204424330992,0.10654334787503213,0.11307982958591242,0.2194099297702663,3.1818035265573155,10.103822205507916,B014
641,0.3298209230769231,-0.2764153846153846,0.016976484375000017,0.10050200436420856,0.10187732811636104,0.07224936047629955,-0.16666402782472198,3.2374320094085323,6.001085140241879,B014
642,0.35464615384615383,-0.2853858461538461,0.01633800721153847,0.09765796681979276,0.09896815351320652,0.13483187264595473,0.35297530030514057,3.5834371083707164,6.057541304260887,B014
643,0.2885150769230769,-0.3125058461538461,0.009767641225961549,0.10382913288146722,0.10423707511681574,-0.14008940445276666,0.03488267828371105,2.7678738740486115,10.671673201894697,B014
644,0.33357600000000004,-0.21779446153846155,0.01570095612980768,0.09264508661417348,0.09392151059130882,0.10515154855991582,0.10790076992562936,3.5516464535108114,5.981897523616562,B014
645,0.2814221538461538,-0.2340664615384616,0.014442948317307703,0.08390916413302071,0.0851027076613917,0.20159732772855046,-0.003099068653111825,3.3068531140734283,5.892336231613383,B014
646,0.3711267692307692,-0.2849686153846154,0.01055483834134616,0.10426714754473733,0.10474934766139496,0.19304519754085298,0.4150395737286394,3.5429983815311794,9.924296732339652,B014
647,0.2912270769230769,-0.28768061538461537,0.01194669411057691,0.09621578691280648,0.09690800093853688,0.12945813694820787,-0.05884730242769454,3.005191254618753,8.111700194344154,B014
648,0.2232184615384616,-0.2858030769230769,0.011610749999999991,0.08188600059797768,0.08266546103585201,-0.2322341985288833,-0.008072002288993295,2.700262706351468,7.119734817806954,B014
649,0.5367673846153845,-0.5142369230769229,0.010488016225961535,0.1538677168793184,0.15414977261401885,0.1767054142774739,1.0961667414053684,3.4821159675623763,14.697705389932926,B014
650,0.3892763076923077,-0.5620098461538461,0.009023226562499998,0.1166801243840245,0.11697168407978555,-0.2805711940805453,2.7550253713745594,3.327953348323045,12.963398765349972,B014
651,0.4418473846153846,-0.4053396923076923,0.01258557872596157,0.11717981185228313,0.11779684126558343,0.2825737640739269,1.4778430442961197,3.750927273331553,9.359668222692989,B014
652,0.2338578461538461,-0.2484609230769231,0.011570004807692302,0.08224342480645272,0.08301349580052429,-0.17065737284377375,-0.1718298082890164,2.81710634998182,7.174888617620356,B014
653,0.6379458461538461,-0.5688941538461538,0.00897799939903847,0.13667157935891394,0.1368995388924074,0.15064303619546776,3.3806743022892998,4.6599561350986205,15.248334601923585,B014
654,0.5000510769230769,-0.3901107692307693,0.015314284254807674,0.13994188201410593,0.14070939168095786,-0.04564364757278485,0.05522153599392743,3.553786076034529,9.188114138392356,B014
655,0.4927495384615385,-0.4929581538461539,0.010832924278846159,0.13221291745873154,0.13259161824688204,0.032055565564357326,2.304751361436817,3.716294777729102,12.239688456587707,B014
656,0.4998424615384616,-0.4182738461538461,0.010840054687500005,0.11038694341922516,0.11086426105028599,-0.08011804127130771,1.816368556108495,4.50859868458188,10.227278758854137,B014
657,0.6646486153846154,-0.5173661538461538,0.014040793269230772,0.14682231259265466,0.14742077125191552,0.2346653982706753,3.9646724213240585,4.50851402919912,10.499461705983226,B014
658,0.4145187692307692,-0.5920504615384615,0.010584786057692308,0.12479929072506715,0.12518662402290515,-0.3660064727610145,2.1702103099209817,3.3112065483523665,11.827033946702018,B014
659,0.5736923076923076,-0.5839144615384615,0.013227111778846156,0.12417488985424005,0.12481707313231065,0.17481890587637164,3.922566121806876,4.596264703981424,9.436457120739544,B014
660,0.2422024615384615,-0.1908830769230769,0.01377656069711538,0.08128936040031348,0.08240934809161057,0.2059211547513849,-0.4281794276201656,2.939016836648392,5.981852067683767,B014
661,0.5344726153846153,-0.4301649230769231,0.013014625600961552,0.13848000386277598,0.1390228926906387,0.1263212730459648,0.982882912332792,3.844493558150548,10.682050867476919,B014
662,0.7614461538461539,-0.6327304615384615,0.008844966346153844,0.18747207140365374,0.18758914930679355,0.4362064344911216,2.54566461388543,4.05911619440655,21.208576942564065,B014
663,0.2430369230769231,-0.2499212307692308,0.013730111177884623,0.08886011885178098,0.08987171757520153,-0.06754610420631954,-0.2364574847661709,2.704264808042177,6.545592851422773,B014
664,0.3727956923076923,-0.2960252307692308,0.013220388822115379,0.08804541813820252,0.08898990969476195,0.1093956119913501,0.9436491478805542,4.1891905901061435,6.731262664975293,B014
665,0.7009476923076923,-0.5699372307692308,0.012488605168269235,0.15451867252515944,0.15494731037371995,0.22577463146139404,2.650765738659386,4.52378095894059,12.407094970654256,B014
666,0.6202135384615385,-0.4451852307692308,0.013921002403846172,0.17233446589720244,0.1728119190047928,0.2823815162205366,-0.1255821472372629,3.5889511674500727,12.413755417285707,B014
667,1.000728,-1.1886904615384617,0.01294495132211538,0.2516221624934948,0.2518321953704831,-0.4783876587292125,3.6237061954399263,3.973788968990952,19.454085929257115,B014
668,0.2851772307692308,-0.2628553846153846,0.010429139423076902,0.09694261649331884,0.09745491384934438,0.07780722853195599,-0.5314123095820222,2.9262478361028212,9.344482789606078,B014
669,0.5999778461538462,-0.3350363076923077,0.014791727163461532,0.1260694336818545,0.126873071623527,0.7806441846417151,2.5821314363487784,4.7289613034212055,8.577299339114933,B014
670,0.4581193846153846,-0.31897292307692304,0.011126697115384608,0.1411367771408103,0.14150597346373006,0.22598395686314296,-0.28408284996019884,3.2374561539821287,12.717697983175368,B014
671,0.2943563076923077,-0.287472,0.010000907451923068,0.1012586856676462,0.10170214630871263,0.20770423545832012,-0.14897181288371808,2.8942978921880504,10.169291816529748,B014
672,0.2582658461538461,-0.2580572307692308,0.014372459134615384,0.09052977403238063,0.09161988874287028,0.1048768994477769,-0.17923324375310745,2.818884083986011,6.374684240514424,B014
673,0.33065538461538463,-0.33023815384615385,0.012897483173076924,0.10143282185004443,0.10220036664701006,0.05376406541759245,0.20211165655772634,3.235363976309748,7.924055048224447,B014
674,0.4812756923076923,-0.4289132307692308,0.011837496995192315,0.14743219635457838,0.1478348810259022,0.021078428173895627,0.15110803772580006,3.255494839701381,12.488694281058226,B014
675,0.905808,-0.9345969230769232,0.012238837139423059,0.2378323687350065,0.2380310615051819,-0.010618788220954837,2.420189568574526,3.805419319109665,19.448829884209303,B014
676,0.23052,-0.2209236923076923,0.013588114182692306,0.07809222610725869,0.07922800742667814,-0.2695053767352287,0.05657526887534825,2.9095771493854063,5.830684549854156,B014
677,0.35151692307692306,-0.32836061538461536,0.0106371436298077,0.10231458685871328,0.10281634395452008,-0.07606025907878948,0.14683362319394133,3.418881760981635,9.665785057786119,B014
678,0.4318338461538461,-0.33899999999999997,0.011721576923076934,0.11519050319445047,0.11572938057575302,0.16959559706832633,0.6141166725449643,3.7314106755387013,9.873192091407942,B014
679,0.3657027692307692,-0.32314523076923074,0.01610901923076922,0.10949867155452113,0.11062436724508648,-0.1284129943452072,0.16809434134295342,3.3058066530727417,6.867231683092608,B014
680,0.3087507692307692,-0.2695310769230769,0.011185166466346146,0.09368237273867047,0.0943023023071788,-0.10984234783859087,0.13280692870627187,3.2740533547638044,8.431014647025142,B014
681,0.4777292307692307,-0.5730664615384615,0.01165862560096154,0.13167142928954798,0.1321225106530438,-0.2835919237866057,1.8309391458063493,3.6158049707650237,11.332597441172405,B014
682,0.5146541538461539,-0.4549901538461538,0.015800374399038468,0.13914230568172506,0.13996901887192234,0.026415831986430143,1.3109401711009978,3.6769147772414152,8.858588748405873,B014
683,0.6583901538461538,-0.6907255384615385,0.010476607572115364,0.17546540640253258,0.17569234939997538,-0.07495052672065633,2.026077512081546,3.747403663817397,16.769965677401128,B014
684,0.23135446153846154,-0.2065292307692308,0.013366867788461564,0.08123652752973462,0.0822897433400581,-0.10348914839849148,-0.43652392780925103,2.811461697995596,6.156247270665128,B014
685,0.21779446153846155,-0.2351095384615385,0.01330147175480768,0.08901299877502894,0.08995835420063587,-0.22257842144597514,-0.6269239539218172,2.421058760731775,6.763037644170566,B014
686,0.6527575384615384,-0.4074258461538461,0.011997625600961523,0.14276339308704072,0.14319715684371628,0.4549993291735202,1.78619546346461,4.5584532043045405,11.9354580319826,B014
687,0.2674449230769231,-0.32836061538461536,0.01220318509615383,0.09199097127596806,0.09275231813844988,-0.25913595535662554,0.3992338006027287,2.883431147000686,7.600664695947563,B014
688,0.2830910769230769,-0.33295015384615384,0.0116537361778846,0.09465824532775263,0.09532703077471193,-0.21300658089180596,0.26895421962708976,2.9696831488658355,8.17995442145111,B014
689,0.6832153846153847,-0.7435052307692308,0.012348645432692307,0.17363769061494036,0.17399164704160566,-0.17945444512419595,3.6036686066589976,3.92671370282512,14.089937879418988,B014
690,0.4787723076923077,-0.4186910769230769,0.01046173557692305,0.16726134053763614,0.16750666640326503,0.12370239563303365,-0.27950739619039355,2.8582283796376453,16.011364956762858,B014
691,1.0255532307692308,-1.0806276923076923,0.014213960336538456,0.261131800095035,0.26139101375360546,-0.32423573861489136,2.1127566048290314,3.923444865384493,18.38973850811113,B014
692,0.32001599999999997,-0.22488738461538466,0.012863868389423086,0.0862479101227347,0.08716029344292804,0.08021152719411016,0.045563831856876735,3.6715801124458616,6.775589644137907,B014
693,0.5488670769230769,-0.585792,0.007409513221153861,0.18022283759745167,0.18028714059249,-0.07440220019059783,0.9644225406199474,3.044405025889797,24.3318468044267,B014
694,0.4698018461538461,-0.4652123076923077,0.009599363581730778,0.1399283624961591,0.14018906294857322,-0.03041939115277877,0.9316493180150442,3.351201843229294,14.603995541472859,B014
695,0.4491489230769231,-0.2993630769230769,0.010383097355769238,0.11911958738450733,0.1195132959092923,0.2724237755434917,0.6861743563091438,3.7581502514817786,11.510370346560052,B014
696,0.5077698461538461,-0.4889944615384615,0.010544244591346176,0.1451108575621038,0.14542275765037388,0.16658555064680725,1.1672066463801969,3.4916807682510664,13.7916715029282,B014
697,1.0628953846153846,-0.7038683076923077,0.012274081730769243,0.21909493336354496,0.21933163332903727,0.3020295226460909,3.76216144119782,4.8460651502140975,17.86949428397617,B014
698,0.6638141538461538,-0.7562307692307693,0.010292643028846143,0.17280990201266766,0.17303189703670846,-0.053944303022692916,2.1867105729943326,3.836368699727813,16.811221039316095,B014
699,0.2417852307692308,-0.17732307692307692,0.011549224759615392,0.08073902295363405,0.08152182783993896,0.040007688136233864,-0.4230529768265772,2.9658956033708566,7.05864069119162,B014
700,0.9838301538461538,-1.0036486153846154,0.011609120192307679,0.2558342909270909,0.25597273080062155,0.1179696807767118,2.812385241756214,3.8434959488417695,22.04927906338946,B014
701,0.7165938461538461,-0.6888479999999999,0.00914301742788461,0.2078402310625453,0.2079398261445407,0.034805319317771456,1.1362780780467014,3.4461596868689113,22.743019772702226,B014
702,0.3310726153846154,-0.36549415384615386,0.01134203545673076,0.11823590421428215,0.1187211806482937,-0.25073188793773754,0.12741401189788304,2.7886566961071884,10.467361092390204,B014
703,1.201416,-0.8663796923076922,0.014351882812500013,0.2101659606378158,0.2105530171907765,0.6746560271067329,6.9625607141901735,5.706002298278295,14.670759226614633,B014
704,0.5989347692307692,-0.5455292307692308,0.007946127403846157,0.1649813273753347,0.16509209074449194,0.024901144641590617,0.907816279890954,3.62788287754937,20.77642131242227,B014
705,1.1167181538461537,-0.7725027692307692,0.00984607572115385,0.2600169712873365,0.2600764240007795,0.33028291511173324,2.4176188412501407,4.293807707240725,26.41422139807609,B014
706,0.44226461538461537,-0.4750172307692308,0.01431500841346154,0.1594951781603021,0.16005870432505906,-0.3024703448945837,0.043694355185043936,2.763140044457886,11.181181296026564,B014
707,0.2899753846153846,-0.19588984615384614,0.009413972956730776,0.0796214121211137,0.08013738933467238,0.4497237574039103,0.21126386703205124,3.618478054037672,8.512600333887296,B014
708,0.7910695384615384,-0.8133913846153846,0.01276037560096156,0.20895327024784427,0.20924067047130726,-0.05616078627157327,2.1436842548186537,3.780668149646444,16.397688987739507,B014
709,0.6270978461538461,-0.4316252307692308,0.012502458533653836,0.17925547460170274,0.1796036113917299,0.2744887438218452,0.08083652859243529,3.491565906133677,14.365463473306225,B014
710,0.671532923076923,-0.5079784615384615,0.01270822175480768,0.15777976671430166,0.15821391434885992,0.1396244855992235,1.9548457998608093,4.244461846738717,12.449728797737231,B014
711,0.3108369230769231,-0.2426196923076923,0.010851667067307679,0.09360381215454401,0.09418532797670316,0.1429024019854197,-0.18756622020810765,3.3002690520312137,8.679341836836388,B014
712,0.3836436923076923,-0.3404603076923077,0.01482778665865384,0.11372040064990165,0.11462793530862354,0.1150957366572659,0.4318624292528877,3.3468603554166125,7.73061670952246,B014
713,0.3116713846153846,-0.32314523076923074,0.013560814903846169,0.10681756448870453,0.10762316299831144,-0.16769033361145402,0.12144183055975245,2.8959507965796787,7.9363344873756025,B014
714,0.4883686153846154,-0.44748,0.009847501802884623,0.15265209862541626,0.15289499664624742,-0.09971697892505642,0.420635864642255,3.1941438640700066,15.526272521367805,B014
715,0.28955815384615385,-0.2388646153846153,0.014968561298076938,0.08256241965753305,0.08386867220163545,0.3712716413341395,0.6439575930340085,3.4525186371140317,5.602988191818431,B014
716,0.6625624615384615,-0.6439956923076923,0.01496367187499999,0.1893666716970472,0.18986476385001247,-0.04651050006901819,0.9746999738510786,3.489654678958052,12.6883805950879,B014
717,0.5225815384615384,-0.6231341538461538,0.008644500000000008,0.16231481976120749,0.1624656870861802,-0.08819877634044013,0.7765850309133526,3.216565588919303,18.794110369157274,B014
718,0.6830067692307692,-0.7028252307692308,0.017664059495192286,0.21202234804427128,0.21265369780250945,0.011308899510538263,1.081784801700917,3.211826440305189,12.03877839408254,B014
719,0.3221021538461539,-0.2601433846153846,0.011826292067307693,0.10028684404391523,0.10093309934194757,0.3736238243365351,-0.08292127224120271,3.1912440611272204,8.534636111428748,B014
720,0.2591003076923077,-0.26786215384615386,0.01261002584134614,0.08901864453275822,0.08986430455594065,-0.041574567936852304,0.03647436485196076,2.8832394461030675,7.126417160961781,B014
721,0.5252935384615384,-0.499008,0.01353351562499999,0.15620758093777626,0.1567167364170371,0.0655241682051501,0.13358794802101315,3.3518662426946277,11.579898435816615,B014
722,0.5636787692307692,-0.5812024615384616,0.013566519230769224,0.15781472058361626,0.15831997572391066,-0.17619629379301088,1.226303427005683,3.560376804338016,11.66990390319403,B014
723,0.2447058461538461,-0.27474646153846155,0.01036272475961537,0.08545387771451686,0.08603848014033877,-0.11167238737105803,-0.029549304316274224,2.844144221919103,8.302688929425182,B014
724,0.747468923076923,-0.7178455384615384,0.012840439903846129,0.17679451940161378,0.1771740817807777,0.0930947660403178,2.3409339837476963,4.2188389834681725,13.798131770213597,B014
725,0.31855569230769226,-0.2693224615384616,0.008703376802884622,0.102220938454165,0.10254103962424407,0.08191277639238505,-0.09246322354027336,3.1066165651823106,11.781753444279024,B014
726,0.4616658461538461,-0.3565236923076923,0.015742923677884612,0.13296712814125006,0.13383135258944545,0.17044366047491674,0.0937182020645264,3.449609058126303,8.501048174263174,B014
727,0.3152178461538461,-0.3193901538461538,0.008696042668269238,0.10902058386443383,0.10931377746031093,-0.14690751326774193,-0.25699954585729623,2.883605831554891,12.57051990547184,B014
728,0.3294036923076923,-0.3826006153846154,0.011213688100961534,0.10302319802714936,0.10358166398397094,-0.08098470172232397,0.5904940864198741,3.1801351671533964,9.237073748741878,B014
729,0.2935218461538461,-0.3137575384615385,0.012342126201923077,0.09367312594393458,0.09443735280456417,-0.018789831321166076,0.980967636365691,3.1081117527858124,7.651627544518992,B014
730,1.1713753846153845,-1.0904326153846151,0.009385451322115391,0.2217272653748809,0.2218176191926166,0.14248661653933598,5.803091946301523,5.280804062720617,23.634198460966612,B014
731,0.3588184615384616,-0.4814843076923077,0.00938484014423078,0.12973732611236982,0.13001312138484916,-0.3742972394070875,0.5394026242959744,2.759863448523249,13.853525407651533,B014
732,0.5632615384615385,-0.3488049230769231,0.011806530649038464,0.13537394173832362,0.13582194845348386,0.4000775972948376,1.2999434645194814,4.1470582985668445,11.503967803153534,B014
733,0.32001599999999997,-0.22113230769230768,0.00888265564903847,0.09360227003960206,0.09397728708549387,0.2075869515091452,-0.15334019419556766,3.4052483310022787,10.579863815351967,B014
734,0.2263476923076923,-0.1848332307692308,0.008125202524038483,0.07500051349647748,0.0754029356292577,0.12451358723074568,-0.4286962765751841,3.0018419099834794,9.280129991366671,B014
735,0.34630153846153844,-0.4355889230769231,0.009205968750000015,0.1302245491397725,0.1304860992188916,-0.1355564179779533,-0.07128350322476784,2.6539343312011687,14.17407583736273,B014
736,0.3202246153846154,-0.3342018461538461,0.010592120192307687,0.10309644713775327,0.10358904700545224,-0.21551345784834294,0.3150856326501397,3.0912980150088734,9.779821709413918,B014
737,0.8261169230769231,-0.8605384615384616,0.0074635006009615345,0.16220000507213184,0.16229249292080894,-0.23277890565778364,6.945839775884215,5.090296588641529,21.744822114692468,B014
738,0.4353803076923077,-0.4222375384615385,0.008159021033653848,0.13749723292529656,0.13767206069017274,-0.253216758151148,0.3548227711270036,3.1624449108241306,16.8736004138623,B014
739,0.2578486153846154,-0.23531815384615384,0.008218101562500002,0.08055192299817608,0.08093091471463615,-0.00828138583453922,-0.2091694527461887,3.1860336225507178,9.847884465669273,B014
740,0.7311969230769231,-0.8724295384615385,0.006145189903846148,0.17261517012842958,0.17264026953217282,-0.15543151909695155,4.794263301609415,4.2353787158601435,28.093561343665037,B014
741,0.27328615384615385,-0.2480436923076923,0.009656203125,0.10116734902596627,0.10157794944824868,-0.05108651643422958,-0.4095572800188085,2.6904082562267715,10.519450360904528,B014
742,0.360696,-0.27328615384615385,0.010817441105769229,0.09721344152645148,0.09776625842936497,-0.00024387038322723262,0.2641506016872617,3.6893710140354696,9.037835979270882,B014
743,0.3012406153846154,-0.37550769230769226,0.00833259555288462,0.10375741422688964,0.10404095286695944,-0.3099900710412497,0.7009243296088132,2.8954042334639283,12.486019776987979,B014
744,0.301032,-0.28434276923076923,0.010470699519230759,0.1033406698749145,0.10381955789022697,0.0865897555146742,-0.5252482377430674,2.899569273048673,9.915245652838117,B014
745,0.2369870769230769,-0.1585476923076923,0.011681442908653836,0.0716337321303043,0.0725454103493498,0.17880019659582394,-0.18010689813061465,3.2667411457436315,6.2103124516926576,B014
746,0.3667458461538461,-0.3440067692307692,0.01004572716346156,0.10862060262095613,0.10903132595037217,0.1152750416228291,0.736079936414324,3.363674090515766,10.853502606256539,B014
747,0.3031181538461538,-0.33941723076923075,0.007665596754807702,0.0988272243103406,0.0990759492918376,-0.14945771679314748,0.09453428825516363,3.0594524303097064,12.92475360508616,B014
748,0.2367784615384615,-0.2317716923076923,0.012095006610576926,0.08108674855499247,0.08194467046932681,-0.08835530837354097,-0.07653568364161067,2.8894918996238013,6.775082735189848,B014
749,0.33587076923076925,-0.29414769230769233,0.006595016826923071,0.10485159949640713,0.10500769483485643,0.1215925802659514,0.6154850443289543,3.19853482889027,15.92227853099325,B014
750,0.21049292307692305,-0.21862892307692305,0.007960591947115372,0.0884021357268528,0.08871683521303239,-0.01922457794861756,-0.3423923397310138,2.3726378716223846,11.144502293598924,B014
751,0.5365587692307692,-0.3947003076923077,0.010090139423076927,0.11716688877541274,0.1175435426169072,0.1191000762984994,1.7624045224295468,4.564766020193028,11.649347713479171,B014
752,0.2935218461538461,-0.2912270769230769,0.007055437499999996,0.09432470854778356,0.09454227211817087,0.09049252106584962,0.1438195611894173,3.104662492001096,13.399916322435136,B014
753,0.24887815384615386,-0.2236356923076923,0.00989700721153847,0.08421469415457848,0.0847534044745192,-0.10770102302043097,-0.2294194815053183,2.936497423191751,8.56353872064568,B014
754,0.24762646153846155,-0.2985286153846154,0.009638071514423077,0.08355673797238691,0.08407022534110085,-0.1404613880855358,0.9996735916995964,2.9454716046466944,8.722722716395326,B014
755,0.5480326153846153,-0.49087200000000003,0.00897148016826922,0.12429734213875608,0.12456014208116177,0.4578378510274162,2.540359801281414,4.399743017533846,13.884012419902831,B014
756,0.4775206153846153,-0.5269624615384615,0.006794668269230776,0.1398842589742415,0.13998094311554085,0.058895968172331635,1.0869913719127196,3.4113258901996955,20.601586062624374,B014
757,0.21445661538461536,-0.2146652307692308,0.010519390024038457,0.08099297815494694,0.08163402453115202,-0.14119909860993346,-0.3343913999953827,2.6270494027006768,7.760338227274153,B014
758,0.36278215384615387,-0.4172307692307693,0.009712227764423074,0.11872323149220528,0.11906203515305515,-0.12360205620888455,0.5204231561754189,3.047001114837275,12.258983009973473,B014
759,0.6316873846153847,-0.6727846153846154,0.006872287860576931,0.1575963885195745,0.15766925984952604,-0.09168278249881708,2.4459451776035848,4.006408003806478,22.942761282454434,B014
760,0.4036707692307692,-0.355272,0.013451210336538445,0.11256201189676926,0.11330828889895615,0.1546930706261657,0.5508085889055305,3.5625881667911066,8.423650070445268,B014
761,0.16459753846153846,-0.2292683076923077,0.011864592548076923,0.06893874139627736,0.06991907793629391,-0.263089521079724,-0.13139504662922796,2.35411483274293,5.8930871543183985,B014
762,0.4174393846153846,-0.4157704615384615,0.008567695312499981,0.10973780564097628,0.11001832232541628,-0.07869535409282111,2.6835002455641703,3.794271497620795,12.841063823185127,B014
763,0.3917796923076923,-0.2622295384615385,0.014131247596153862,0.11100874430131548,0.11185079055422127,0.3310041730252149,0.5327979576972037,3.502699358372183,7.915139112321828,B014
764,0.3049956923076923,-0.3100024615384616,0.01178350961538462,0.0970384332735916,0.0977042111259305,-0.018987722611209654,0.08032695660330935,3.12162279182199,8.291605329397559,B014
765,0.5159058461538462,-0.425784,0.0129270234375,0.1269697976384824,0.1275644698239245,0.2700277807778767,1.9324294132280075,4.044275391619187,9.868046611091673,B014
766,1.0981513846153843,-0.979657846153846,0.016211085937499998,0.2140788130331436,0.21458746909652449,0.08556711145319372,6.149694418392151,5.11750005365607,13.237081705929024,B014
767,0.7468430769230768,-0.5428172307692307,0.012065058894230762,0.13928399238564745,0.13973779316522472,0.7204976256989271,5.3467800524730364,5.3446033460684195,11.582023294726241,B014
768,0.33941723076923075,-0.2887236923076923,0.015270890625000004,0.10540832490976684,0.10645780646750516,0.1389549396624149,0.012364114339555863,3.188279394736856,6.971289958244013,B014
769,0.33065538461538463,-0.2563883076923077,0.013433893629807705,0.0932901876288419,0.09420737510790506,0.1874962389615284,0.4203689938540873,3.5098672926259984,7.012663469276968,B014
770,0.6506713846153847,-0.4912892307692307,0.01582767367788461,0.12507247130545782,0.126009372052744,0.26517526073291425,4.314455721648948,5.163674526867983,7.9613324495571325,B014
771,0.7188886153846153,-0.8678400000000001,0.013259504206730777,0.1850782480750184,0.18546245234967207,-0.28556283453868275,3.2952038189909745,3.8761949185769327,13.987133263665154,B014
772,0.5693113846153846,-0.4677156923076923,0.013421670072115364,0.14567131183307747,0.1462174734237521,0.08740686032042982,0.8586597128190503,3.893593366679687,10.894134086005517,B014
773,0.25367630769230765,-0.2207150769230769,0.016745255408653875,0.08203332364490824,0.08368570978731601,0.1041115229604068,-0.05899901225538074,3.0312977966849552,4.997577388044354,B014
774,0.7641581538461538,-0.5033889230769231,0.012055076322115384,0.14940830859897053,0.14982111964767886,0.6272141864270594,2.8132140250791338,5.100470184999001,12.42805235275265,B014
775,1.1582326153846154,-0.9875852307692308,0.013604615985576905,0.21172028413048996,0.2120537417893291,0.2732459750136739,7.1982666491149905,5.461976787635727,15.586896536744616,B014
776,0.27558092307692306,-0.28663753846153844,0.015127875,0.09434011010723273,0.09549982992527607,-0.05690768528966129,-0.1644437933106344,2.885669255040052,6.312838381152414,B014
777,0.2858030769230769,-0.3907366153846154,0.010839647235576929,0.09367991034826682,0.0942594998671461,-0.5719166054254626,1.2425158595291412,3.0320877717991457,8.695808804347058,B014
778,0.7501809230769231,-0.7576910769230769,0.012896668269230778,0.1781387669231552,0.17851821942061194,-0.08051542537848669,2.9754210225074904,4.202265323459227,13.842196735921755,B014
779,0.8386338461538462,-0.8313323076923077,0.01439568389423076,0.1810485303573354,0.1815318036508519,-0.09806249985751657,4.01099305116928,4.6197626492315775,12.610154889800196,B014
780,1.000936615384615,-0.8254910769230769,0.012658308894230771,0.23087848353129076,0.2311126379075809,0.08000257520972161,2.433184889767671,4.330947127975223,18.25778149661952,B014
781,0.2497126153846154,-0.2261390769230769,0.013998621995192305,0.08619845622491344,0.08728619160077261,0.04553546838328919,-0.1174681436761582,2.860849016379872,6.235341709401842,B014
782,0.5061009230769231,-0.4894116923076922,0.015111780649038462,0.1351991618838536,0.13597547162924453,-0.051906537028978884,1.6692380004332952,3.722001600824563,8.997978119666291,B014
783,0.9281298461538462,-0.941064,0.014894201322115391,0.20855461432271444,0.2089841830758096,-0.002464917158733624,4.237407674678441,4.4411487630007125,14.031244680807633,B014
784,0.4143101538461538,-0.3114627692307692,0.01292172656250002,0.1063961699482727,0.10712637942139197,0.29151197614741714,0.6560348431376894,3.8674895584440936,8.290407547570469,B014
785,0.3108369230769231,-0.2864289230769231,0.014746703725961518,0.0998795386833616,0.10091404960069984,-0.221658347542471,0.012082816105644769,3.0802145420469524,6.843159764784657,B014
786,0.4597883076923077,-0.3842695384615384,0.012154902043269241,0.12883049395987406,0.12933997649830353,-0.09127370510568608,0.7813978777391872,3.5548816393850085,10.640972344974623,B014
787,0.5557513846153845,-0.591216,0.01162745552884616,0.13375302737447947,0.13419239723421178,-0.11224778488650622,2.66521968306664,4.1414520946772235,11.540994235694852,B014
788,0.4287046153846154,-0.3665372307692307,0.01583521153846155,0.1274162198361789,0.1283346898310759,0.02643265368172748,0.4324775331877131,3.3405201348825466,8.104387460778064,B014
789,0.3367052307692308,-0.2075723076923077,0.014489805288461534,0.0818614521958329,0.08309457008258309,0.10087131869088814,0.17797578797670432,4.052072601550235,5.734691973311237,B014
790,0.9012184615384616,-0.9581704615384616,0.011492181490384614,0.2366113304942425,0.23677482800869706,-0.06195861017251648,1.8524142135731747,3.806225810056796,20.60312293247405,B014
791,0.38030584615384616,-0.3277347692307692,0.01558890685096156,0.11315443873974455,0.11416845969157716,0.09263390397218084,0.3326912234513908,3.3310937817785358,7.323698882999934,B014
792,0.7558135384615385,-0.7626978461538462,0.014926186298076915,0.15393270359670966,0.15457984459437454,-0.2373348545830841,5.195349855737428,4.889470166339163,10.356285356983019,B014
793,0.26494153846153845,-0.2209236923076923,0.013871700721153865,0.09369589868446256,0.09467191952066392,0.09458394462012708,-0.3381635845961197,2.798522939040124,6.824824253618197,B014
794,0.3087507692307692,-0.28934953846153844,0.012876703125000014,0.0969093207611878,0.0977141475357423,0.0941246132137385,0.18356430575874594,3.159734562672545,7.588444541058889,B014
795,0.4353803076923077,-0.3333673846153846,0.018681263221153856,0.10409841131565063,0.10571133493965594,0.15530941552163174,0.5920522593438213,4.1185773308116795,5.658682375394883,B014
796,0.5784904615384615,-0.5008855384615384,0.012282434495192328,0.1393235109386027,0.13979607577809106,0.19675666271789585,2.461242932644561,4.138102291631872,11.381788832890658,B014
797,0.38072307692307694,-0.3500566153846153,0.016882362980769262,0.1048278636726497,0.10612805403324037,-0.15203665718129686,0.8746905050610168,3.5873933654133583,6.2863269883564925,B014
798,0.6033156923076922,-0.6481680000000001,0.017391270432692296,0.1469661163662477,0.14792025836634304,-0.13834780721852966,2.37393821400228,4.078654938619059,8.505431442678331,B014
799,0.5317606153846154,-0.46375200000000005,0.011134438701923056,0.13750357752511447,0.1378867124195538,0.153304009397886,1.2706704948619016,3.856503690990939,12.383804528533535,B014
800,0.3402516923076923,-0.39699507692307695,0.017902215144230776,0.11847233387237754,0.11976007877385872,-0.16709674018483656,0.34359924317595203,2.841111126439594,6.689679339065088,B014
801,0.4082603076923077,-0.2726603076923077,0.01618337920673076,0.10154170045282268,0.10277426542620878,0.6219206811857603,0.668919475879961,3.9723982068783146,6.3506060207415995,B014
802,0.4316252307692308,-0.4395526153846154,0.010375355769230748,0.13581328502483295,0.136142878839455,-0.16643405428790606,1.1423165453491002,3.170384190848647,13.121755231102686,B014
803,0.7220178461538461,-0.5467809230769229,0.01577103786057695,0.13068419757759578,0.1315690200854822,0.548763108955687,4.230453601110886,5.487749666940905,8.34244526255097,B014
804,0.5876695384615385,-0.4343372307692308,0.01166718209134616,0.14170917991369408,0.14211968188134114,0.20752632853349454,1.0278747687237777,4.135032746218759,12.181148864279306,B014
805,0.35631507692307696,-0.3732129230769231,0.014974876802884637,0.11336866633572835,0.11429851362506442,0.12299309360328482,0.6610424935627757,3.1174077914250398,7.632684737883579,B014
806,0.5812024615384616,-0.4875341538461538,0.014010030649038469,0.13282204069934814,0.13349437155567825,0.005647068579953029,2.68357327251171,4.353760048198375,9.52848533310241,B014
807,0.5286313846153846,-0.39866399999999996,0.017272905649038446,0.15034648070613774,0.15126249782671505,0.14385151459308118,0.12800525296520027,3.4947947588501416,8.757212069593836,B014
808,0.4725138461538462,-0.3873987692307692,0.015369901442307703,0.12659751503929226,0.12746573415960424,-0.09629484129247133,1.1640259320081476,3.7069872093012486,8.293204392888155,B014
809,0.2315630769230769,-0.3160523076923077,0.010424250000000006,0.09196734476024283,0.09251160863377568,-0.3505742309097764,0.13524036094471234,2.503070483184032,8.874653680962716,B014
810,0.5106904615384615,-0.4109723076923077,0.01885381911057691,0.13994225694761184,0.14113885692999478,0.21047847750149826,0.7418952069675528,3.6183548077887946,7.485955821588237,B014
811,0.7341175384615384,-0.5862092307692308,0.0132326123798077,0.15098445805851607,0.1514897573682066,0.37201186910414974,2.5438536692610496,4.84598794806446,11.448212417932858,B014
812,0.5294658461538462,-0.42328061538461537,0.012158569110576924,0.12992268368640714,0.1304271837390597,0.07345602276118643,1.3761084779753396,4.0594746507225565,10.727182002493954,B014
813,0.4562418461538462,-0.4650036923076923,0.016619149038461546,0.115818698205112,0.1169489948130268,-0.04574688264265517,1.6939960506325136,3.901203656203004,7.037002589144173,B014
814,0.6771655384615384,-0.5334295384615384,0.013270097956730757,0.16064759826516967,0.16111655266960145,0.2632990633329971,2.089317581222815,4.202954490034234,12.141323537697106,B014
815,0.6366941538461539,-0.5607581538461538,0.012717796874999987,0.15770791791682304,0.15814310252475786,-0.0004890340549302105,0.689313014924458,4.026063379820674,12.434787572022609,B014
816,0.7282763076923077,-0.5693113846153846,0.014629765024038446,0.18406115907032455,0.18455204095397104,0.00801818795884107,0.5533622158256106,3.9461839811023625,12.614832886975973,B014
817,0.2670276923076923,-0.2724516923076923,0.012517330528846151,0.0966203464352131,0.09738099515851194,-0.052271824836403684,-0.223636859138324,2.7420924572914656,7.779693516448872,B014
818,0.4558246153846154,-0.5211212307692308,0.011890669471153845,0.14272421678235772,0.14314921341440967,-0.10225630019356016,0.9615673351872172,3.1842621032434617,12.038785012204931,B014
819,0.8140172307692307,-0.6404492307692308,0.011426989182692316,0.1920219619147035,0.19226804649541807,0.2397332584632592,2.362823359434132,4.233762424941626,16.825783539432546,B014
820,0.4472713846153846,-0.4347544615384615,0.015197956730769218,0.12362187840769523,0.1244926605127206,-0.16025221173031445,0.32722244902077025,3.5927530408082387,8.191407747640008,B014
821,0.6932289230769231,-0.4708449230769231,0.008199766225961523,0.11960038819792627,0.11982286937944832,0.35437259642274216,5.493414915971108,5.785447524893137,14.612961647622779,B014
822,0.7606116923076923,-0.7053286153846154,0.01213860396634614,0.20330693451921264,0.20356986608790345,0.1341575118916649,1.290958839640446,3.736366815603508,16.770451252243983,B014
823,1.2089261538461538,-0.9306332307692308,0.017439553485576926,0.25662634069004,0.2570931800112242,0.4419626001168841,2.9033740608991083,4.702287916752106,14.741958859431154,B014
824,0.4940012307692308,-0.4725138461538462,0.008604569711538463,0.17923451798906787,0.17935350282677626,-0.03269357798437342,-0.06664262471957771,2.754343924056775,20.84398277188326,B014
825,0.35193415384615384,-0.21070153846153844,0.01139113341346152,0.09611406200130213,0.0967401128565756,0.1326790027649049,-0.18843398733624767,3.637934083950495,8.492580092359601,B014
826,0.3448412307692308,-0.3828092307692307,0.011269712740384621,0.10569526553977633,0.10624305118639167,-0.07711540404042189,0.817252798444144,3.2457768006327767,9.427307832405829,B014
827,0.9304246153846154,-0.6965667692307692,0.0094098984375,0.2341756693451751,0.23425037316746805,0.4489677523416997,1.5413149739717618,3.971923727606808,24.89403841320344,B014
828,0.3915710769230769,-0.363408,0.01031994230769232,0.12785464056203116,0.12820821596803228,-0.14820936542350185,0.23856145712098356,3.0541808414268248,12.423346191816199,B014
829,0.3156350769230769,-0.2981113846153846,0.010664239182692329,0.09318716132846347,0.09375016114349463,-0.16510648683013654,0.3886376334325608,3.3667683668294046,8.791078251099968,B014
830,0.9162387692307692,-0.7891919999999999,0.010626346153846168,0.2455641859533905,0.2456741748919301,0.11167694394869508,0.956454201789728,3.7294875199390183,23.1193461360196,B014
831,0.3974123076923077,-0.3260658461538461,0.009582454326923076,0.127059847638316,0.12735879430851912,0.01672786769090614,-0.27769492698986475,3.120415122096712,13.290832386300973,B014
832,0.6575556923076923,-0.729528,0.01187803846153847,0.18638495634618005,0.18667221164777145,-0.2146907982189179,1.031148820873795,3.52251514300598,15.715743996975851,B014
833,0.2647329230769231,-0.2422024615384615,0.01025821334134616,0.09434810466634418,0.09485833047582128,0.045430549521065004,-0.5141800551959879,2.7908241874908564,9.247061580742411,B014
834,0.3938658461538461,-0.3129230769230769,0.006616611778846157,0.11271542482178733,0.1128545060915674,0.16117538655811645,0.036897911765800366,3.4900320757619814,17.056238126645482,B014
835,0.4775206153846153,-0.4424732307692308,0.012879351562500004,0.13689110702352247,0.13742908317758715,-0.11066653270262364,0.2177440590301769,3.474669293744459,10.670497075157943,B014
836,0.5922590769230769,-0.6070707692307692,0.01333956850961537,0.15717530883404793,0.1576638725872711,-0.20182287949203825,1.5431945393081916,3.756466635026016,11.819263304778152,B014
837,0.2490867692307692,-0.35986153846153845,0.006504766225961541,0.09233590510797664,0.09251975606661986,-0.4251528413150117,0.4811231586481175,2.692254928249179,14.223379111974698,B014
838,0.5768215384615385,-0.5127766153846154,0.014931686899038437,0.17252789823843864,0.17308888672085326,0.12748372475086925,0.5079772140647623,3.332516312221706,11.592051714665928,B014
839,0.5117335384615385,-0.3575667692307692,0.012298732572115393,0.1398307913499739,0.14030258246899824,0.2493766664745147,0.3638726942026311,3.6473565165816737,11.407889524088258,B014
840,0.35151692307692306,-0.36612,0.011857869591346151,0.12679609386855445,0.12728769796284944,0.018007682678474454,-0.06500713852769469,2.7615938437312124,10.734449133741842,B014
841,0.2403249230769231,-0.20486030769230767,0.010663016826923052,0.07887554385262599,0.07955486036317694,0.06974787102070226,-0.5019608912070517,3.020870402886921,7.460821046658096,B014
842,0.3707095384615384,-0.32731753846153844,0.014807617788461559,0.09836815806994892,0.09942892215182872,-0.17197712147462982,0.9399617903698728,3.728387379031045,6.71471424858805,B014
843,0.3114627692307692,-0.2651501538461538,0.01316334555288463,0.09819847822738152,0.09902927777998093,0.2541923343435979,0.194096019402882,3.1451584441801548,7.523108573130145,B014
844,1.1311126153846154,-1.0297255384615385,0.019417121394230758,0.19594211448690801,0.1968066141263161,0.3810532480894428,10.511373802642762,5.747330293780855,10.135725586223687,B014
845,0.5772387692307692,-0.5146541538461539,0.005826969951923077,0.17826696407134596,0.17827515185930373,0.033436882742110284,0.5478530189491142,3.237909283545757,30.594829444841658,B014
846,0.3947003076923077,-0.4053396923076923,0.012397132211538452,0.1111244529857142,0.11175989314480476,-0.15059797833823926,0.8822021513268559,3.531681147734308,9.014979532184539,B014
847,0.3613218461538461,-0.3892763076923077,0.013024200721153845,0.11514340464995132,0.11582178624780895,-0.2993488315166566,0.5560333700331053,3.119636277934553,8.8928133654829,B014
848,0.3225193846153846,-0.20173107692307693,0.010049394230769221,0.08525475541062258,0.08580364574835997,0.4143539797302637,0.14189290729016024,3.7588074702705647,8.538190837975735,B014
849,0.4101378461538461,-0.3001975384615385,0.01087672536057692,0.11531938095189692,0.11577510916888055,0.1180852846891507,0.08801968915480707,3.542539057817516,10.644298291148507,B014
850,0.3940744615384616,-0.2860116923076923,0.012249838341346162,0.0968772975761093,0.09760176268967312,0.2186345761575663,0.4508000503048794,4.03757525149858,7.967595977184744,B014
851,0.3467187692307692,-0.3191815384615385,0.010999979567307694,0.10124874956079433,0.10179537216337207,-0.1361160046163312,0.12717406260105954,3.4060366582708483,9.254141931855157,B014
852,1.014496615384615,-1.035984,0.007527266826923084,0.19162508618407675,0.1916793516692748,-0.1563607849471628,9.011265855927856,5.292675536252002,25.464668129431445,B014
853,0.4347544615384615,-0.3921969230769231,0.011618899038461531,0.12177269223949205,0.1222665381312054,0.004725799486112739,1.2365153302431358,3.55579268198403,10.523074322831436,B014
854,0.5453206153846154,-0.6168756923076922,0.009571656850961535,0.17354603875681698,0.17372516182593012,-0.041370696916973836,0.9575279046051172,3.1389846447863325,18.149957163213415,B014
855,0.4616658461538461,-0.4929581538461539,0.006547344951923074,0.14598285709123715,0.14605838138330382,-0.025115858125621025,0.3639445492636724,3.1608309073499012,22.3080321039758,B014
856,0.2699483076923077,-0.21967199999999998,0.011450417668269236,0.08603477947508048,0.08675175413101062,0.00405283188833717,-0.42783957162360103,3.111733133195642,7.5762960482578965,B014
857,0.2943563076923077,-0.249504,0.007222289062499998,0.0895897887829615,0.08983681595169728,0.3207426413803913,0.14237208302016802,3.276566567659464,12.438828628191215,B014
858,0.3650769230769231,-0.4195255384615385,0.0056214104567307716,0.10002334029135113,0.10013240571553167,-0.04394197614680812,1.8574297875355024,3.6459417954471,17.812683575816557,B014
859,0.24762646153846155,-0.34358953846153845,0.01069031610576922,0.09878712812875506,0.09931590693250224,-0.34354436477937234,0.26779709537047625,2.4933212532283995,9.29026849626127,B014
860,0.4574935384615385,-0.6206307692307692,0.008519819711538467,0.1148212315315662,0.11508096115841646,-0.4909459510006581,4.186616153542279,3.975405956435911,13.507440891332632,B014
861,0.8319581538461538,-0.644412923076923,0.007968740985576924,0.1700943541276537,0.1701979322598715,0.3279920546103041,4.473520402378917,4.888180148839028,21.35819605229011,B014
862,0.3504738461538461,-0.4309993846153846,0.010917674278846172,0.11978008121970392,0.1202183532780718,-0.29690277389541897,0.6262993869970082,2.9153106542990184,11.01135188755393,B014
863,0.7981624615384615,-0.7612375384615384,0.010538947716346168,0.16039706099439116,0.16066475145184514,0.2280308943628052,4.52970757504638,4.967875369836106,15.244857055572083,B014
864,0.2730775384615384,-0.2624381538461539,0.012069948317307688,0.09146566830162972,0.09221432773248736,0.22197752658999292,0.2400988878777293,2.9613352412407434,7.639993586406393,B014
865,0.4105550769230769,-0.2668190769230769,0.011214503004807695,0.10156995458930752,0.10213787783762422,0.2237597928645692,0.5935298338660121,4.019616283547277,9.10765976823381,B014
866,0.5136110769230771,-0.6018553846153846,0.011759266225961549,0.13040184758180812,0.13086755174359602,-0.3198824688029039,2.8546944728084425,3.9246632956760465,11.128887570779957,B014
867,0.3062473846153846,-0.3696664615384616,0.01105539302884615,0.1072163166946656,0.10773269867605263,-0.2399650560627849,0.6200593979203126,2.8426595488548623,9.744809469455532,B014
868,0.2411593846153846,-0.20673784615384616,0.011169275841346141,0.08214355568399953,0.08285968287119602,-0.033200386719683964,-0.3580419154520462,2.9104550760864334,7.418536711616357,B014
869,0.6085310769230771,-0.6471249230769229,0.014618356370192319,0.1629646273603791,0.16353969268835086,-0.17379434249492884,3.8121157495919866,3.7209992688608224,11.187283203863997,B014
870,0.5444861538461538,-0.3408775384615384,0.009516039663461541,0.1235944122810341,0.12390002502259888,0.4987603079852082,1.3023547116460639,4.394560483315817,13.020124905356813,B014
871,0.6039415384615384,-0.6909341538461538,0.011654551081730784,0.15333111821763906,0.1536987344408536,-0.09886438835834843,2.4079079970847976,3.92938523962894,13.187872562658008,B014
872,0.7059544615384615,-0.5590892307692308,0.014451708533653853,0.13688398636248006,0.13757826692479702,0.4273861933816581,3.998278982477808,5.1312934616653525,9.51986172461318,B014
873,0.4418473846153846,-0.21591692307692306,0.008718045072115382,0.10674970130302426,0.10705313924139503,0.6015895403659517,0.6123074885696869,4.127365042692108,12.279489077637818,B014
874,0.5670166153846153,-0.4007501538461538,0.011532926682692313,0.14615153121304492,0.1465347018116867,0.499595497418608,0.8711882192539906,3.869504003995548,12.705768955558712,B014
875,0.4581193846153846,-0.4289132307692308,0.010047356971153856,0.1176837707993279,0.11805462472387955,-0.0076966119977738235,1.0839450234072334,3.8805712667918737,11.749818888969159,B014
876,0.4024190769230769,-0.2689052307692308,0.010530187499999993,0.0978465869551117,0.09836406794419933,0.4643937008453341,1.3414936760095877,4.091118691343308,9.34115066272081,B014
877,0.6903083076923077,-0.7289021538461539,0.009097790264423084,0.19811275133257505,0.19822488051841225,0.09783213922890464,1.5819288805820744,3.4824503659024173,21.788244700866628,B014
878,0.8738898461538461,-0.5907987692307692,0.010411415264423084,0.19782037440206848,0.1979976827470727,0.447649219659372,2.2040474871810494,4.413636735689353,19.017364855636085,B014
879,0.5563772307692307,-0.704076923076923,0.009566767427884608,0.19162472601882224,0.1917699122673343,-0.3123894236757636,0.5791111430028546,2.9012748881775594,20.045424299578507,B014
880,0.2912270769230769,-0.2912270769230769,0.006470947716346149,0.09278000477138174,0.09296018542080284,-0.2536480174926227,-0.06756506187470235,3.1328151466649885,14.3657760031004,B014
881,0.6093655384615385,-0.6283495384615384,0.010750211538461556,0.16431384350657213,0.16458505389869565,-0.09652468569242956,2.1787805029538845,3.702435452228921,15.309936303099866,B014
882,0.3740473846153846,-0.3095852307692307,0.0072353275240384625,0.1168282972400318,0.11699517957717526,0.0316149592044662,-0.0068617460932909324,3.1971179151756948,16.169990810847686,B014
883,0.3957433846153846,-0.3187643076923077,0.010687463942307691,0.10103869830107932,0.10155329088968586,0.2964443868858297,0.5297663007882298,3.8969035975926,9.50209436381574,B014
884,1.2927895384615384,-1.2944584615384616,0.00823114002403847,0.3037565300725993,0.3037197322042515,0.04566828628723752,4.002742210686779,4.25652139582468,36.898865930753104,B014
885,0.9598393846153846,-0.6127033846153845,0.008590308894230776,0.1995535030674301,0.19964094197222795,0.5033490070224672,3.0623639928657185,4.807828369938807,23.24025182683549,B014
886,0.6631883076923076,-0.6001864615384616,0.006801391225961548,0.1983765472606609,0.19839627645968866,0.13042162965886545,0.24213103211578035,3.342745738612984,29.169955067779583,B014
887,0.3477618461538461,-0.2275993846153846,0.010025558293269224,0.09172112361199423,0.09222288623432996,0.3984175815729359,0.16396461041475607,3.7708844339377423,9.198778116550859,B014
888,1.3391021538461536,-1.2537784615384615,0.005504675480769218,0.2777851406895129,0.2777040327409737,0.1164006567211779,6.069645877226818,4.822047921411323,50.44875646369031,B014
889,1.312608,-1.0898067692307691,0.011304957331730769,0.31313156438686024,0.31318273480215697,0.19275612863529284,2.5011827681501675,4.191188894334156,27.70313284802193,B014
890,0.43642338461538455,-0.4241150769230769,0.0138391045673077,0.12300529070380495,0.12372164996981615,-0.018320833242248685,0.5318077774294463,3.5274617233269763,8.940003984223477,B014
891,0.273912,-0.2472092307692308,0.007871156250000002,0.09714153857647503,0.09741261882664357,0.1243836953990146,-0.4825402584805634,2.811873895798412,12.375896975319671,B014
892,0.2870547692307692,-0.32043323076923075,0.012111915865384648,0.09386769081652016,0.09460040831280657,-0.065925155402045,0.11746510190623427,3.0343924973515053,7.810523897641218,B014
893,0.8882843076923077,-0.842388923076923,0.013810175480769234,0.24863269263736446,0.24889469147312385,0.2357691762572373,1.3496864633542556,3.5689162449984453,18.02255820859854,B014
894,0.9433587692307692,-0.9222886153846154,0.007784572716346154,0.20454826555395805,0.2045965130333409,0.09698860692539064,4.330900519558291,4.61082525427518,26.282304821140183,B014
895,0.25930892307692305,-0.1846246153846154,0.011713224158653848,0.07703889374612177,0.07788706490825391,0.17157662622605546,-0.21723183277229285,3.3292938099846583,6.649498366400693,B014
896,1.0487095384615384,-1.0931446153846154,0.012783396634615371,0.2786362715144934,0.27879341546360936,0.16767588513144085,1.7646579318904525,3.7616008136979313,21.809024896300397,B014
897,1.0226326153846157,-0.8953772307692308,0.007024674879807696,0.2920703016769139,0.2920121597726002,0.05164988409492178,1.2751753031014932,3.5020206561979283,41.569491082353714,B014
898,0.5292572307692308,-0.5004683076923077,0.013095912259615384,0.1366265255052571,0.13718630064761814,-0.12975572569152874,0.7976483789473212,3.8579452049567298,10.475505480490078,B014
899,0.30937661538461536,-0.28267384615384616,0.012373907451923068,0.09527965914946353,0.0960336482200211,0.13617708852921478,0.17601058835269745,3.221543918396266,7.760979997074101,B014
900,0.4416387692307692,-0.5163230769230769,0.009972793269230756,0.12949788329532505,0.12981826420680528,-0.06394274565279043,1.4802951144279328,3.4019771557507683,13.01724208074542,B014
901,0.5578375384615384,-0.4053396923076923,0.009696948317307693,0.13294092430259175,0.13322935520920598,0.4053929742073448,0.9874551924294792,4.187046747960186,13.739307548067494,B014
902,0.32836061538461536,-0.4168135384615385,0.013302694110576935,0.11795681110354965,0.11864730613013302,-0.34425426483314664,0.5864198816121801,2.767535362534633,8.919043401576591,B014
903,0.2931046153846154,-0.23803015384615386,0.011603823317307695,0.07423230828815883,0.0750979561946128,0.133520350132046,0.3548487076005165,3.9029639451844553,6.471828650010584,B014
904,1.090224,-1.0825052307692309,0.008661001802884625,0.2579798336826169,0.2579992515385004,0.003906448168578899,2.8136407565455137,4.225686677379022,29.788615383104,B014
905,0.6377372307692307,-0.615624,0.014584741586538472,0.17573389227246994,0.17625253752997688,0.0481264059682908,0.7039124857811832,3.618315172686605,12.084721315368087,B014
906,0.3926141538461537,-0.3440067692307692,0.013464859975961538,0.12573651903703645,0.1263943651461423,0.12529028139472714,-0.2871339133413433,3.106263110639444,9.386979543180608,B021
907,0.4380923076923077,-0.4347544615384615,0.01232969891826924,0.15998090082206082,0.16037741758548854,0.020576324576421768,-0.4140452365051184,2.7316333826037846,13.007407451600713,B021
908,0.4885772307692308,-0.4195255384615385,0.011811420072115384,0.17034933954825354,0.17067533026647813,0.04942448550142757,-0.29765264932048296,2.86261189596884,14.450026264785178,B021
909,0.4282873846153846,-0.4335027692307693,0.011387670072115372,0.15043329737978242,0.1507904380524088,0.0527251976362967,-0.4025705526387,2.8402821170035253,13.241553109414768,B021
910,0.4754344615384615,-0.4551987692307692,0.008656723557692307,0.16557503791120265,0.16572042568771536,0.059460169454121366,-0.4496333885982118,2.868894763970576,19.143550626663746,B021
911,0.545112,-0.41618769230769226,0.010215430889423085,0.15281936170926275,0.1530859429792849,0.06472108347516113,0.01935421610536236,3.5608233479266143,14.985754848362589,B021
912,0.5042233846153846,-0.5010941538461539,0.0100720078125,0.18127556726698646,0.1814667627247152,0.05598732952229074,-0.1327252256436906,2.7785991056681314,18.016940227101838,B021
913,0.7257729230769231,-0.7303624615384615,0.00920617247596153,0.22267149889628124,0.22275306850424426,0.044390456737961666,0.13822216272604493,3.258194950805333,24.19605640518689,B021
914,0.39762092307692304,-0.3859384615384616,0.008842317908653847,0.15076397990995133,0.150949551757569,-0.05950380177622337,-0.5064522969797358,2.634131194476934,17.071264946246377,B021
915,0.5015113846153846,-0.4710535384615384,0.008821334134615387,0.15716252045990184,0.15733325339225615,0.05105029632485058,-0.022427547181271382,3.1875739794500983,17.83553949905061,B021
916,0.4985907692307692,-0.4516523076923077,0.009896396033653837,0.1683550835835358,0.16856361911143256,0.0628213781282209,-0.42587265164575694,2.9578788819262667,17.03282877304147,B021
917,0.5624270769230769,-0.4894116923076922,0.011422099759615384,0.2058555680259748,0.20607182227295334,0.05657670959076053,-0.5277030689121927,2.7292769613989805,18.04150082820608,B021
918,0.4214030769230769,-0.4074258461538461,0.010063858774038445,0.17217004334069344,0.1723799794065084,0.00583168233426525,-0.7247964266714471,2.444617283131932,17.128616694343318,B021
919,0.5167403076923076,-0.4708449230769231,0.011780249999999985,0.19822052087488404,0.198473622183594,0.08709598018090435,-0.3363304584298219,2.6035717089614434,16.84799746894966,B021
920,0.4124326153846154,-0.3621563076923077,0.008710710937499998,0.14781796119118493,0.14800232464048346,-0.008609471619999,-0.5165811983196726,2.7866630905052805,16.990843308015982,B021
921,0.3844781538461538,-0.3780110769230769,0.009846279447115379,0.15103006948556896,0.1512770823263457,-0.061875418374564436,-0.4907436954781446,2.541549241521793,15.363882686740597,B021
922,0.4491489230769231,-0.3594443076923077,0.011782083533653849,0.14194687892463415,0.1423659272882079,0.009807167811509495,-0.1405144228821542,3.15489058114066,12.083255638237484,B021
923,0.5050578461538461,-0.5574203076923077,0.005025919471153842,0.19491770559329635,0.19488732479872975,-0.08422068767970894,-0.6014699863080346,2.59153768299424,38.77645193427421,B021
924,0.7092923076923077,-0.5922590769230769,0.01361439483173078,0.2007485476545029,0.20111184868974755,0.13394917791003347,0.39945267709568144,3.526854893500199,14.772000604905365,B021
925,0.7263987692307693,-0.5471981538461539,0.010194039663461527,0.19395669761267972,0.1941298057819583,0.11067432743482256,0.437660642960207,3.741819893677955,19.04346188467142,B021
926,0.2947735384615384,-0.34692738461538464,0.009686762019230764,0.12964704812132186,0.12994528092151786,-0.05738646097170549,-0.5430076287648418,2.268443581568543,13.414728333734471,B021
927,0.4877427692307692,-0.5834972307692308,0.010776492187500005,0.1530869995462246,0.15339125091434522,-0.1287047633649161,0.4868268376036156,3.1797300453800217,14.233875758966224,B021
928,0.5574203076923077,-0.4708449230769231,0.00894845913461538,0.16822549142138102,0.16838127670801664,0.06632537137339607,0.14265803556076273,3.3104649079179294,18.81679003893154,B021
929,0.5647218461538461,-0.5605495384615384,0.012366980769230759,0.1937561262624092,0.1940559638828812,-0.0329655849982081,0.306387377680855,2.9100978648338436,15.691458368375207,B021
930,0.4355889230769231,-0.5142369230769229,0.010419971754807696,0.14908879192894126,0.14937984194194914,-0.03303038077042178,0.061081903743795525,2.9159819518767347,14.33591620562949,B021
931,0.6308529230769231,-0.5471981538461539,0.011309643028846164,0.20779066719161932,0.20799688554408324,-0.011658237180403184,-0.5879221718117158,3.0329921596024034,18.39110969405226,B021
932,0.5340553846153846,-0.473556923076923,0.011022593149038477,0.16162617706819046,0.16192284554873942,-0.006757608843080906,0.4850961199922885,3.2982089883952277,14.690086385240871,B021
933,0.585792,-0.5131938461538461,0.01012864362980769,0.1804174173608936,0.18061352763707925,0.1077827224939469,0.3509851170687761,3.243345100800408,17.831956008951664,B021
934,0.3917796923076923,-0.3811403076923077,0.012009849158653843,0.13039822187550787,0.13088669746376347,-0.08375630548620241,0.5222839828595438,2.9932735709536726,10.89827988134651,B021
935,0.4896203076923077,-0.5449033846153846,0.009272383413461538,0.15887430461025467,0.15906719429812416,-0.12683015426632946,0.2329191681604761,3.0780721936583606,17.154941421769973,B021
936,0.4328769230769231,-0.4420560000000001,0.010244156249999995,0.16709065033421994,0.16732293100232867,0.12648493262428134,-0.5666150569395252,2.5870747092692192,16.33350047763365,B021
937,0.9026787692307692,-0.7916953846153846,0.010414878605769234,0.28863416370792605,0.2886811269306031,0.01865165548867878,-0.007066504233073091,3.1269060739386916,27.718146111726217,B021
938,1.1317384615384616,-1.1238110769230771,0.009431900841346149,0.29392475029347986,0.29393256477732804,0.0009366034909465363,1.0511555748010022,3.8503337062901584,31.163661463533487,B021
939,0.5592978461538461,-0.536976,0.01012986598557693,0.2044537116113921,0.20460477212130296,0.05982550686325041,-0.1834525118040697,2.7335523035711904,20.198171665116067,B021
940,1.2343772307692311,-1.2719280000000002,0.00910512439903845,0.3398000224460261,0.3397560899795357,0.047633364745223984,2.0183616575393835,3.6331276088195517,37.31482131264629,B021
941,0.5446947692307692,-0.5330123076923077,0.010869187499999988,0.17652151168618993,0.17676977623351134,-0.05223731268252842,0.010015259243873588,3.0813795255996257,16.263384566096736,B021
942,0.5503273846153846,-0.4808584615384615,0.005930259014423079,0.20418520398848028,0.20417162155668145,0.02044196709898341,-0.7263311720773866,2.6954156528683124,34.428786510017915,B021
943,0.5186178461538461,-0.4987993846153846,0.009915750000000006,0.2003933738544486,0.2005407940296768,0.03845907573060426,-0.6394879766843001,2.586096503024213,20.224470567498845,B021
944,0.44455938461538463,-0.4802326153846154,0.009868078125000002,0.17656490619445495,0.1767543509144649,-0.04757482559292947,-0.4494970836076515,2.515125553149841,17.91172999194966,B021
945,0.4666726153846154,-0.5325950769230768,0.007291555889423077,0.18765934394302436,0.1877093644513616,-0.024159525063174987,-0.5550892117431103,2.48614456049441,25.74338965482627,B021
946,0.4871169230769231,-0.5131938461538461,0.01200944170673075,0.14423344993151452,0.14466236227242815,0.09510113006241462,0.0918713265395179,3.3672678603131376,12.04571917704979,B021
947,0.5424,-0.5490756923076923,0.008935216947115384,0.2050645440105086,0.20515905884503932,0.05253265581123966,-0.437229566924044,2.643802340747163,22.96072496720655,B021
948,0.5332209230769229,-0.5983089230769231,0.00881237019230771,0.1874784454206124,0.1875939790702629,-0.05171048358484463,0.1979575393421804,2.8424202403490053,21.287573601255783,B021
949,0.618336,-0.5073526153846153,0.011512554086538448,0.187921061058884,0.1881817670376156,0.10666602207083056,0.3193606214760134,3.2858443712902385,16.345787878439182,B021
950,0.5851661538461538,-0.5152800000000001,0.009171335336538472,0.17468593131018367,0.1748413223879537,-0.035421347894684166,-0.188740130060066,3.3468412721549563,19.06388938711992,B021
951,0.485448,-0.5134024615384616,0.014153249999999994,0.1679032675196948,0.16841701505655504,-0.01638280282292096,-0.20786373131874705,2.8824166004663168,11.899529440697727,B021
952,0.5630529230769231,-0.519660923076923,0.01040306249999998,0.1725606448552428,0.1727898162179976,0.07261913538809449,-0.1378192012744135,3.258600161751177,16.609514382711627,B021
953,0.43642338461538455,-0.4658381538461538,0.01288953786057693,0.1824718664637756,0.18283765101740312,-0.04794692946000731,-0.7585105513360801,2.38694482338238,14.184965589543594,B021
954,0.4047138461538461,-0.33712246153846154,0.010386968149038472,0.13361642247868366,0.13395447940560742,-0.01441523740792146,-0.4410059715216792,3.0212789296011,12.89639839879625,B021
955,0.523416,-0.4940012307692308,0.009639090144230752,0.21127541757844934,0.211392107270946,-0.010317372496661256,-0.7545180109508092,2.4760432485264263,21.930711727752612,B021
956,0.4616658461538461,-0.3790541538461539,0.01483349098557694,0.14381365507584765,0.14450675491717813,0.03155678240329962,0.057936494630199224,3.194770005169952,9.741924881855963,B021
957,0.5920504615384615,-0.4727224615384616,0.011147884615384605,0.18569879309343693,0.1859425751831174,0.0970643593134342,-0.09111756310508136,3.1840500270333814,16.67962861101988,B021
958,0.5513704615384615,-0.5292572307692308,0.01217384855769231,0.17735697162752811,0.1776878716074388,-0.0676743174738665,-0.2754581532137683,3.103028116384837,14.595866768456132,B021
959,0.4554073846153846,-0.4712621538461538,0.013485232572115372,0.15354324983753045,0.154059592658484,-0.007099164232502959,-0.16043055892935645,2.9560469215631504,11.424318552506607,B021
960,0.5899643076923077,-0.5895470769230768,0.009491796274038466,0.197197432883402,0.1973295373602144,-0.0598688263087966,-0.18139706611702835,2.9897415033987524,20.789483008599888,B021
961,0.4516523076923077,-0.5042233846153846,0.014964079326923075,0.1708038697122536,0.17137501387777185,-0.08519244245093495,-0.14300702523965247,2.6354618300100348,11.452426182306944,B021
962,0.34442399999999995,-0.3696664615384616,0.00983650060096154,0.115762082470474,0.11612290775245747,-0.10086475908973044,0.2173908952060284,2.9660297581784505,11.805306832503645,B021
963,0.6243858461538462,-0.5380190769230769,0.012151438701923069,0.1758804641045479,0.1762140351750334,0.043493963066588384,0.01800558656809681,3.543337768377212,14.501495625134993,B021
964,0.4900375384615385,-0.450192,0.01031851622596153,0.1566187502466376,0.15688196257562398,-0.054923871976579726,0.18269552736051864,3.12360663020976,15.20392652781868,B021
965,0.41973415384615387,-0.4270356923076923,0.008969442908653855,0.1738504991473993,0.17399692910722647,-0.053043832564637225,-0.72516330725067,2.4123078263495707,19.398855746029845,B021
966,0.3709181538461537,-0.4138929230769231,0.01173135576923076,0.13651765846811428,0.1369543555973324,-0.07492795400866681,-0.31289757628285697,2.7083341178042715,11.674213815639202,B021
967,0.4401784615384615,-0.4675070769230769,0.008103403846153844,0.1346873763344091,0.13486526232059648,0.02911993249311055,0.5697990954160947,3.2638386932588053,16.643038515797063,B021
968,0.6487938461538462,-0.5962227692307692,0.01104907752403846,0.22940726092476801,0.22956127558734316,-0.06878051717965249,-0.03816203455281908,2.8262338432032017,20.77651053564497,B021
969,0.4741827692307693,-0.4514436923076923,0.011434934495192306,0.1884415778584787,0.18869633816110898,0.03234812310852896,-0.5856435321976967,2.512941023931857,16.50174194180512,B021
970,0.4360061538461539,-0.4343372307692308,0.01107270973557693,0.17440032871581124,0.17466647344325256,0.057305310719949286,-0.6418207772328679,2.4962211994725365,15.774501239027721,B021
971,0.4900375384615385,-0.4568676923076922,0.014425224158653856,0.14973069793777952,0.1503511728154346,-0.045183215152425404,-0.04858012107274412,3.2592864377791724,10.422796288072735,B021
972,0.5271710769230771,-0.4720966153846154,0.01213921514423077,0.15548328227877414,0.1558807337812792,0.03151820774695435,0.3652839526191509,3.3818873194603136,12.841088318247854,B021
973,0.531552,-0.512568,0.012501847355769232,0.1808297907668304,0.18117333246190329,-0.04160585186450085,-0.17262660418099074,2.9339417273884587,14.491724887226136,B021
974,0.48816,-0.5592978461538461,0.012819456129807687,0.17966510656217258,0.1800343466478276,-0.012533522948311678,0.20573141628461,2.7114826092318336,14.043836557871849,B021
975,0.5724406153846154,-0.6425353846153846,0.012118027644230771,0.19175370802295416,0.19204276459890948,-0.08363268014204847,0.10472370301787093,2.980797618593885,15.847691574654766,B021
976,0.44372492307692296,-0.3800972307692307,0.012790119591346166,0.13703472277025947,0.1375636725668849,0.04031698109366049,0.057291932978466235,3.22559666223784,10.755464136548095,B021
977,0.5255021538461538,-0.500676923076923,0.012656475360576921,0.1714800860841406,0.17186299794191634,-0.039115738750256035,-0.09912139061195767,3.057680595236417,13.579056810495961,B021
978,0.5038061538461538,-0.4506092307692308,0.014277115384615397,0.1823362346842116,0.182805555755137,-0.013285989711879245,-0.5622635796656144,2.7559674090047257,12.804095983711314,B021
979,0.4969218461538462,-0.4647950769230769,0.011193519230769205,0.1995686631093498,0.19978501439623728,0.01053595742138297,-0.7392621505760633,2.4872828808285488,17.848275442012913,B021
980,0.4115981538461538,-0.3677889230769231,0.012802139423076914,0.14866795322219434,0.1491458043263424,0.13145625495943927,-0.5009550225509352,2.759703202549001,11.65006874222091,B021
981,1.2621230769230771,-1.2804812307692308,0.013886165264423073,0.4659432539616295,0.4659226617545762,-0.024470724038978084,0.08020082622999469,2.708868188918224,33.55301142413227,B021
982,1.3405624615384617,-1.1886904615384617,0.01682552343750003,0.35257615158020666,0.3528053917865664,-0.02542557006352861,1.4669320108040234,3.799722149227952,20.968464553099626,B021
983,1.3395193846153846,-1.2531526153846153,0.012658105168269243,0.39812638068826617,0.3981332100733408,-6.167231143232409e-05,0.3111776196671392,3.364500500645574,31.452828427382855,B021
984,1.0459975384615383,-0.998016,0.014424409254807691,0.31441832672900843,0.3145956228022483,-0.004582787261199453,0.6684058753221911,3.324895397921801,21.809948486964398,B021
985,0.9819526153846152,-0.9258350769230768,0.017229512019230772,0.31641968316243524,0.3167341111355532,0.0019450059548560773,-0.11043856659835427,3.1002426984075844,18.38323167725409,B021
986,0.5056836923076923,-0.4785636923076923,0.018260365384615385,0.16943196260766125,0.17033084433500295,-0.07553985977589632,0.103546486059372,2.9688321823446424,9.327899017755092,B021
987,0.5755698461538461,-0.5323864615384615,0.015088148437499987,0.192683062857736,0.19317908357609306,0.0666801043645817,-0.3817357432803359,2.979462556188852,12.803365792449851,B021
988,0.4270356923076923,-0.3713353846153846,0.015782242788461527,0.14460232878890653,0.14539082818162996,0.01810226753722198,-0.3762403765643891,2.9371570246110474,9.212304621743996,B021
989,0.3786369230769231,-0.3832264615384615,0.016071941105769233,0.14369263780903513,0.1445189185012979,-0.15311815465626424,-0.5188220920221527,2.6199817089935022,8.992001498152636,B021
990,0.5019286153846154,-0.450192,0.014038144831730765,0.1788938420534082,0.17935669292973688,-0.04665589447296105,-0.4299538883918652,2.7984939239554687,12.77638142928491,B021
991,0.3909452307692307,-0.4408043076923077,0.01550354567307692,0.13914597671627968,0.13993946887670689,-0.08728938574640581,-0.161602297580139,2.793673821312495,9.026288039369105,B021
992,0.5058923076923076,-0.4460196923076923,0.0127687283653846,0.16472821978010047,0.16514214306232286,-0.008238037222611473,0.05736162223226371,3.0633749708660947,12.933327292795664,B021
993,0.5004683076923077,-0.5603409230769231,0.013581187500000006,0.17206306034575106,0.17251444454374648,-0.1093588127095331,0.31134915499557714,2.901022630400077,12.702456581484231,B021
994,0.6389889230769231,-0.5035975384615384,0.016179304687499983,0.18664791916806392,0.18725702840439276,-0.0303111074557942,0.029299337390809917,3.4123628283633147,11.573861301287332,B021
995,0.4802326153846154,-0.4518609230769231,0.013102635216346154,0.1811879355418168,0.1815728156933555,-0.0819833585683894,-0.6502158223759475,2.6448486440593824,13.857732638914873,B021
996,0.5244590769230769,-0.4860738461538461,0.014641377403846157,0.16725074983376292,0.16780901659842365,-0.07684636460109426,0.5100901490948271,3.1253331171002383,11.461286187072927,B021
997,0.5584633846153846,-0.5121507692307692,0.014689456730769232,0.17737386073019282,0.17789475119153406,0.1065608981300732,-0.055729333009233,3.1392909620706204,12.110369665265242,B021
998,0.4541556923076923,-0.4937926153846153,0.015079388221153846,0.17394432257775547,0.17451208502136795,-0.04081005067696848,-0.15480997382772574,2.6024311855083493,11.572888930371645,B021
999,0.46104,-0.4397612307692307,0.014046701322115388,0.16372441730948242,0.1642462091336569,-0.05526414995104728,-0.2294256516646285,2.8070054245503124,11.69286691353397,B021
1000,0.5167403076923076,-0.553248,0.013795710937499994,0.18229467731526008,0.18272716964950636,-0.02310225507236637,-0.579147405622197,2.8279336274046187,13.245215884656643,B021
1001,0.44414215384615385,-0.5013027692307692,0.015353603365384626,0.14939939582373266,0.15011367545474255,-0.006863814896496571,-0.06863198803053637,2.9587054777035107,9.77709739416484,B021
1002,0.4698018461538461,-0.5592978461538461,0.011538223557692294,0.18931245275716965,0.18957145393860264,-0.07351029963538777,-0.4666982850562338,2.4782309593194505,16.429864873975273,B021
1003,0.5941366153846154,-0.5430258461538462,0.014690271634615391,0.167471597104089,0.16803318281466806,-0.023659330821156208,1.2395921976875224,3.5358290870435845,11.438398621487938,B021
1004,0.4873255384615384,-0.4716793846153846,0.013358718749999979,0.1644812584923688,0.1649427772216257,-0.06216593064071167,-0.5751517372486714,2.9545127508477838,12.347200379649127,B021
1005,0.5096473846153846,-0.4647950769230769,0.012196665865384605,0.14965265746201858,0.15007599918080208,0.017871340734440227,0.12249197287626899,3.3959286454684445,12.304674149247072,B021
1006,0.5724406153846154,-0.5595064615384615,0.015086111177884625,0.19967588938953346,0.20014773432915586,0.003245081216131984,-0.06895137950300613,2.860090409233412,13.267019708999689,B021
1007,0.5597150769230769,-0.5732750769230769,0.01163703064903848,0.16910503103866895,0.16942256556944252,-0.12371125141955637,0.3877014682187592,3.3036630925864605,14.558917191082694,B021
1008,0.4220289230769231,-0.3826006153846154,0.01443744771634615,0.14435722174239007,0.14500723006978722,0.029103379555818706,-0.4769547641002077,2.9103991771569904,10.043827199845671,B021
1009,0.6613107692307693,-0.6366941538461539,0.01349297415865383,0.2195767564265269,0.21988389749360174,-0.0742559260747433,-0.013786796623845632,3.0075452398692013,16.296177173998174,B021
1010,0.7537273846153846,-0.7107526153846154,0.012325828124999995,0.21371727237281524,0.2139682078871637,-0.08008655814555872,0.9005692391638265,3.5226139063279125,17.359337297035673,B021
1011,0.517992,-0.5540824615384615,0.01213860396634617,0.16327716239170018,0.16364822902680792,0.038767273411159237,0.06018641009044901,3.1652771501434667,13.481635077684107,B021
1012,0.5711889230769229,-0.6041501538461539,0.01198866165865385,0.1911163274703324,0.19139882248523976,-0.09372474746008996,0.09651771027153623,2.984286505320437,15.964986579388633,B021
1013,0.5807852307692307,-0.5353070769230769,0.013305953725961543,0.14757855870891382,0.1481054030735576,0.05178081969638797,1.5330087897363684,3.9214317554693103,11.13076192235554,B021
1014,0.5359329230769231,-0.4604141538461538,0.01157937620192308,0.2122418139354965,0.21245394495671166,0.057613067504318036,-0.7653255388382738,2.522584003729004,18.347615730925792,B021
1015,0.5038061538461538,-0.5150713846153846,0.01123222716346155,0.17829430041850247,0.1785608486834729,-0.0023803620024761976,-0.4516065957612834,2.8214816269115586,15.897189941486545,B021
1016,0.40617415384615385,-0.4115981538461538,0.01623288461538461,0.14542582536090826,0.1462584159155465,-0.016567328551563138,-0.19763140089964004,2.7770993641876283,9.010007733125327,B021
1017,0.5378104615384616,-0.4743913846153846,0.010290605769230776,0.1650526354994028,0.1652926652123931,-0.028096926233579657,-0.11175310622773572,3.2536861865431295,16.06248154084604,B021
1018,0.5853747692307693,-0.5261279999999999,0.015661840745192314,0.18992116917771826,0.19047340785176825,-0.03375358020225918,0.15271302170740286,3.0732624350708533,12.161623333466569,B021
1019,0.6352338461538461,-0.5102732307692307,0.01216610697115385,0.1925785350822404,0.19286857975248609,0.028102600007175654,-0.18240083811501415,3.293609809171927,15.852941307337046,B021
1020,0.5378104615384616,-0.5311347692307692,0.013118118389423068,0.17616989573499225,0.17657182324343254,-0.06323669192938186,-0.20894835696252034,3.0458453203884277,13.460148628159935,B021
1021,0.3813489230769231,-0.3458843076923077,0.013787154447115405,0.1382156941223561,0.1388344621896284,-0.029192622855657355,-0.1977213605200512,2.7467886363549563,10.06984165747674,B021
1022,0.5219556923076923,-0.5317606153846154,0.010663628004807692,0.2176210957683876,0.2177760439523194,-0.03877703284731771,-0.4862323996694609,2.3967544034456383,20.42232192028221,B021
1023,0.5229987692307692,-0.5079784615384615,0.01512380048076924,0.21247898967116186,0.21291303673553053,-0.07515773584802632,-0.7917248933746834,2.4563961758734902,14.078011476431561,B021
1024,0.5816196923076923,-0.5645132307692308,0.012443989182692327,0.20680350885416476,0.2070767462021354,-0.013191740439233015,-0.2974983111589577,2.8087156234334083,16.640704452728652,B021
1025,0.4124326153846154,-0.3924055384615385,0.01591588701923076,0.14839844013595052,0.14917743307972778,-0.14274751852654102,-0.3457675179892634,2.764711839251122,9.372863284307087,B021
1026,0.4470627692307692,-0.4151446153846154,0.01357039002403845,0.16522847139480235,0.16570438331967088,0.014458118011176297,-0.4483744354809778,2.6979537914112504,12.210731086294782,B021
1027,0.4731396923076922,-0.38030584615384616,0.013104061298076909,0.16264347907828292,0.1630913388190153,-0.043830994301158915,-0.5397409413056327,2.9010718517231733,12.445862020116605,B021
1028,0.4353803076923077,-0.4489403076923077,0.01632211658653845,0.17319883248683102,0.17388200684188826,-0.03771189641755834,-0.6363457805334827,2.503883613950931,10.653153095677322,B021
1029,0.7535187692307692,-0.7374553846153846,0.010090546874999998,0.2351815892945492,0.2352832017727435,0.014351741023109325,-0.2471871830653849,3.202603345897093,23.317190305678405,B021
1030,1.4071107692307692,-1.2516923076923077,0.016032621995192304,0.4319758893727743,0.4320624773226839,0.017309811794538797,0.06364094419794286,3.25672985525164,26.948959281410502,B021
1031,1.2268670769230772,-1.1158836923076922,0.015795892427884626,0.4092663340202084,0.4093713096981693,0.044800786709778335,0.3339058603986116,2.996954226781672,25.916314102994427,B021
1032,0.5855833846153846,-0.5920504615384615,0.01655497536057695,0.2069699435490871,0.20753021988661305,-0.07761937556101893,-0.27134853199690445,2.8216776570435185,12.535821731321533,B021
1033,0.4602055384615384,-0.3834350769230769,0.016142226562500018,0.1747148186146974,0.1753739703892319,0.06258286134541972,-0.5321104303210751,2.6241382198289758,10.864298658565657,B021
1034,0.5027630769230769,-0.4998424615384616,0.018452886418269247,0.1749263554094515,0.17581199269000752,-0.06377022343511128,0.046413722957295615,2.859663150565337,9.527614743021731,B021
1035,0.4385095384615385,-0.4476886153846154,0.01224943088942307,0.14824750875868953,0.14868056423065898,0.038450155115535255,-0.1210184859581136,2.9493400212098115,12.137752812584882,B021
1036,0.6698639999999999,-0.6058190769230769,0.01776551502403844,0.1980242801030228,0.19872326106420699,-0.011716652975004205,0.12743289144742587,3.3708384031780176,11.185899243298909,B021
1037,0.5499101538461538,-0.4829446153846154,0.01706245673076923,0.1906338011897356,0.191303120956083,0.08414270405273869,-0.3014314941099654,2.874548784660943,11.211932957526596,B021
1038,0.4902461538461538,-0.4956701538461538,0.013977434495192313,0.17189082629624064,0.17237450762445486,-0.12047817248352158,0.22092667159162005,2.8440757313966207,12.332342368246826,B021
1039,0.452904,-0.5069353846153847,0.018120813100961558,0.13547825972383762,0.13661917342257454,-0.11771211337204135,0.16160515674352327,3.3150837371788944,7.539351168261045,B021
1040,0.4316252307692308,-0.4076344615384615,0.01591201622596154,0.15759964240818758,0.1583243001962583,-0.04194391131107884,-0.17006713296191567,2.726209623122853,9.949983581461,B021
1041,0.4537384615384615,-0.5284227692307693,0.01730264963942307,0.16612684655178567,0.16694477988781736,0.04735600375458797,-0.2855441283714688,2.7178954732418843,9.648509526971145,B021
1042,0.4883686153846154,-0.6122861538461538,0.013602171274038462,0.2037610384370633,0.2041152477861519,-0.09205799808752213,-0.5232575023694389,2.392612118308138,15.006078343957686,B021
1043,0.44455938461538463,-0.4226547692307692,0.016100870192307683,0.1401541000129636,0.14100789689404192,0.04618668765065169,-0.12339374071751408,3.152726864293576,8.757781114303349,B021
1044,0.6469163076923078,-0.5981003076923076,0.01525785216346154,0.17835241917706712,0.17891708535152914,0.01128470636802642,0.6995515319674888,3.6157324294729727,11.726230103342301,B021
1045,0.5075612307692308,-0.5004683076923077,0.011429230168269229,0.1896095132459307,0.18986122739420924,-0.060456311488986024,0.02460054181290561,2.6733274493974504,16.61189989167579,B021
1046,0.5588806153846154,-0.5063095384615385,0.014898887019230775,0.19609824254765468,0.19656791274719773,0.002513927278782122,-0.075418942300987,2.843193518076275,13.19346287366816,B021
1047,0.4188996923076923,-0.3909452307692307,0.012931505408653851,0.14690075996319138,0.14739736447427382,-0.02167597876151852,-0.3629409728414452,2.8419754573074845,11.398314412460785,B021
1048,0.4130584615384616,-0.3684147692307692,0.015550198918269215,0.15165065760610072,0.15237214880221364,-0.045244334538211264,-0.6467744137004412,2.7108527692592386,9.798726666010593,B021
1049,0.43392,-0.4357975384615385,0.014689049278846143,0.1518534058345977,0.15248837998824724,-0.106764093792493,-0.24488930026862696,2.845593874323037,10.381092546802694,B021
1050,0.5134024615384616,-0.5073526153846153,0.014058721153846166,0.18609160284740925,0.18653126775090065,0.07091647250627882,-0.46087439340825,2.7523667625744888,13.268011059446163,B021
1051,0.5186178461538461,-0.5542910769230769,0.013990269230769237,0.20699462645625247,0.20736600603963307,-0.08052038459238756,-0.6104926112913325,2.5009781306909318,14.822159789717734,B021
1052,0.5605495384615384,-0.5609667692307693,0.0125641875,0.17487745531193566,0.17524302504829384,-0.08322186961555557,0.4305814310389704,3.198698141093268,13.947819948428329,B021
1053,0.6732018461538462,-0.6446215384615385,0.015715624399038473,0.18024960526516293,0.1808457149362548,-0.12099167347480598,0.9117946493739932,3.7225203062795216,11.50738337493733,B021
1054,0.4547815384615384,-0.4180652307692308,0.015402293870192313,0.1697377063764855,0.17035252856549535,-0.028993732106767443,-0.5374211410897032,2.669649475068923,11.060205057843657,B021
1055,0.6070707692307692,-0.5918418461538462,0.012843495793269221,0.16354798751859034,0.16397188346266564,-0.05160546514652141,2.3927929844042835,3.702285760283968,12.766920011652665,B021
1056,0.6258461538461538,-0.6878049230769231,0.014848974158653857,0.20529503841658572,0.2057313456363561,-0.0511624797155852,0.31776962358047944,3.0420554141145746,13.854919770094527,B021
1057,0.6765396923076923,-0.6604763076923077,0.013990472956730771,0.2386894553545325,0.2389827442965839,-0.002741368831108367,-0.3516496614975675,2.8309144005313147,17.081820252660588,B021
1058,1.4561353846153846,-1.4233827692307692,0.01419562499999998,0.4772827191709068,0.4772607778023782,0.02095001744870025,1.1137690281063792,3.0510267181820123,33.62027228828452,B021
1059,1.371854769230769,-1.2372978461538462,0.01227245192307693,0.4484518339531845,0.4484007860141423,0.03625552197800927,0.5046312533687924,3.059438814604356,36.53718008631808,B021
1060,0.751224,-0.8323753846153845,0.012590060697115392,0.26904481822718224,0.2692079776959705,-0.07626989002631288,0.062455174965541975,2.7904967989039067,21.38257981215697,B021
1061,1.1250627692307693,-0.9608824615384616,0.01637141826923077,0.3416990759980424,0.34192434855857906,0.017236203444657268,-0.01694921321159093,3.2903850631685025,20.8854445556014,B021
1062,0.8104707692307692,-0.8776449230769231,0.013673475360576922,0.3120632458535767,0.3122103974834242,-0.02745716367941612,-0.2937094936861038,2.595912166166082,22.833287752401468,B021
1063,0.8799396923076923,-0.8503163076923076,0.013933225961538441,0.23303803494490505,0.2333405807073244,-0.02390876954320821,1.1438027787279699,3.7710529803274446,16.74706068439875,B021
1064,0.4401784615384615,-0.3784283076923077,0.01605829146634614,0.15350633287145973,0.15426941060376215,0.06357649591759194,-0.5879162854205009,2.8533100620255234,9.606838369266699,B021
1065,0.5336381538461539,-0.45561599999999997,0.01588003125,0.20144732044189292,0.201974177558744,0.05205385497469056,-0.6827481427321147,2.6421107900832808,12.718751895324134,B021
1066,0.5229987692307692,-0.49087200000000003,0.015724995793269227,0.15345325163720994,0.15418229449002793,0.10841782418931932,0.3026218795384561,3.392080594990725,9.804918011871433,B021
1067,0.5876695384615385,-0.4864910769230769,0.012894223557692321,0.18041559879295668,0.1807878933622272,-0.04677607594635155,-0.3151229488059739,3.250602280563567,14.020843717602085,B021
1068,0.5862092307692308,-0.5519963076923077,0.0155420498798077,0.2222233457831895,0.22265791009807287,0.004477459231551794,-0.40729365969931,2.6327797225395067,14.326161080421635,B021
1069,0.4464369230769231,-0.3926141538461537,0.011424137019230774,0.16013581276739186,0.16046478422945248,0.04436971262873519,-0.43122323261730605,2.78214890089873,14.046118666060705,B021
1070,0.5083956923076923,-0.5572116923076923,0.012100507211538452,0.19197948437666496,0.1922668780348152,-0.04691911884096965,-0.28318118649336155,2.644218793710445,15.889158584317762,B021
1071,0.5194523076923077,-0.5092301538461538,0.01459818750000002,0.15909668750866068,0.15968764680719047,0.0580705915318156,-0.23586910174234355,3.252927312026227,10.938868048323824,B021
1072,0.5676424615384615,-0.5830799999999999,0.01044706730769232,0.1834064856083115,0.18361435300312012,-0.03585774212942716,0.7181727363692461,3.091492861284192,17.575683930735508,B021
1073,0.44038707692307694,-0.5129852307692307,0.01112282632211539,0.16101171877485834,0.16131699751273584,-0.09036930809854772,-0.12378778427289515,2.729948385558743,14.503238011726484,B021
1074,0.4280787692307692,-0.39324,0.011461215144230768,0.17339726701847827,0.17369113315329002,-0.043686071765853214,-0.7470127563806943,2.4645977112312982,15.15468743649934,B021
1075,0.4831532307692308,-0.4330855384615385,0.009450439903846142,0.19336607569222464,0.1935025476374361,0.04634505638766967,-0.8845946834732579,2.496883047113728,20.475506918856173,B021
1076,0.4852393846153846,-0.4476886153846154,0.011346721153846162,0.17213625981340014,0.1724259365802515,-0.06557546076752792,-0.5029080058902955,2.8141902212579346,15.196102401952903,B021
1077,0.6268892307692308,-0.5015113846153846,0.012217242187500008,0.17123088249400797,0.17158275932936706,0.14201195892403035,0.36886973181113936,3.6535677198538683,14.044311858278524,B021
1078,0.6202135384615385,-0.5910073846153846,0.012104785456730759,0.2230997865918418,0.223319129633478,0.035872042402680236,-0.09480150254109976,2.777252174856057,18.448830045914058,B021
1079,0.4430990769230769,-0.36278215384615387,0.013877608774038465,0.15545257959409592,0.15599517108632982,0.10840533444603496,-0.2639469927700082,2.8404666236614458,11.240781724453695,B021
1080,0.5570030769230769,-0.5113163076923077,0.013464248798076927,0.16155378610576754,0.16203525506808467,-0.002154554768977484,0.07319505124956471,3.4375425069626546,12.034481648261568,B021
1081,0.5778646153846153,-0.561384,0.015181658653846145,0.20759545102434174,0.20804871601064712,-0.027991536105394118,-0.13327806795553745,2.777544733104925,13.703951640220795,B021
1082,0.4266184615384616,-0.4391353846153846,0.012737558293269237,0.16692429736596948,0.16732828743911776,-0.09411097108857101,-0.6238940635429708,2.549589600584936,13.136606214986838,B021
1083,0.5390621538461537,-0.5096473846153846,0.014111282451923054,0.1579621567850292,0.15851436540309907,0.09321471099367327,0.8825929429578796,3.400714834111904,11.233165089222425,B021
1084,0.6517144615384615,-0.5647218461538461,0.011794918269230752,0.21637496092124064,0.216590680747596,0.04212847769214575,-0.3067309191989871,3.0089681573046856,18.363050578537138,B021
1085,0.5734836923076922,-0.5972658461538461,0.011602397235576926,0.212101938171575,0.2123156022383395,0.026845829419555503,-0.4810713006452283,2.7010906700295894,18.299287459948975,B021
1086,0.4326683076923077,-0.3734215384615384,0.013220999999999998,0.15520932756923972,0.1556958730281286,-0.013780785841361972,-0.501458919895156,2.7789324102003667,11.77640670358737,B021
1087,0.6802947692307691,-0.6325218461538461,0.012279582331730763,0.17522954588050865,0.17557390511020596,-0.13853434606022832,1.1825231855837313,3.874691793201017,14.298035581920272,B021
1088,0.471888,-0.4042966153846154,0.013762096153846144,0.17074232709863665,0.171212931414151,0.13159775801062734,-0.3383518132843948,2.7561469574896718,12.440905040930225,B021
1089,0.6179187692307693,-0.5390621538461537,0.013287618389423064,0.1853071265215111,0.18569264397114307,0.015932442767778734,0.13187409177313958,3.327642689641464,13.974862803025287,B021
1090,0.41618769230769226,-0.43663199999999996,0.012164680889423069,0.17643021777365334,0.17676312719764606,-0.05686860733215045,-0.6755520124831511,2.3544938297133418,14.5308478540804,B021
1091,0.4739741538461538,-0.4320424615384615,0.010910951322115385,0.16949943051550953,0.16976763268538622,0.010923694171249634,-0.5756201434118644,2.791899411853872,15.559379532862964,B021
1092,0.4053396923076923,-0.341712,0.008305703725961533,0.1361938643155568,0.1363804947918741,0.031111844061605668,-0.2807784995128877,2.9721236378139566,16.420101088554738,B021
1093,0.428496,-0.4447680000000001,0.012906039663461544,0.13583909522845658,0.13638477139082256,-0.06309100259967403,0.18573223194794156,3.1418170491491826,10.567515283324537,B021
1094,0.5159058461538462,-0.4750172307692308,0.008628813100961528,0.16794684856239592,0.1680864518488279,0.0072710941880763935,-0.11779737406240587,3.0692886932840784,19.479672335248246,B021
1095,0.6734104615384615,-0.5553341538461538,0.009193745192307676,0.1929936731106839,0.19311838136167586,0.02125342353653036,-0.2907748453797181,3.4870345162912555,21.005409364973076,B021
1096,0.5522049230769229,-0.4725138461538462,0.014182179086538462,0.19712060154410666,0.19753409813284967,0.025354639808302173,-0.6953593418401254,2.7954916558534757,13.92833195290465,B021
1097,0.7468430769230768,-0.6994873846153846,0.007556195913461539,0.23360624032301966,0.2336143804806407,0.034491303565035894,0.05396384300026469,3.1969054104739354,30.916930047360374,B021
1098,1.3626756923076921,-1.1517655384615384,0.008695838942307691,0.4323719499897673,0.4322482582786849,-0.0038661571599121775,0.3657441086893498,3.1525302096859567,49.70748206658659,B021
1099,1.0883464615384617,-1.081462153846154,0.010064877403846166,0.352262702676562,0.3522344855045641,0.015417631905400925,-0.09331267276120593,3.0898350568356245,34.996400986460316,B021
1100,1.228744615384615,-1.1546861538461537,0.013636804687500009,0.392180916375868,0.3922265067093721,-0.0340399417621282,0.127208769020982,3.1327424188979602,28.76234687653048,B021
1101,0.5086043076923077,-0.4483144615384615,0.011281528846153835,0.16294035472253185,0.16325104834673398,0.029020062663989318,-0.14191921386529893,3.1154734554112458,14.47064937500829,B021
1102,1.2821501538461542,-1.187856,0.014095188100961534,0.3420516643848873,0.3421750403916418,0.0602188685059164,1.465014903264365,3.747059260601384,24.276018024073025,B021
1103,0.5997692307692307,-0.5582547692307692,0.012246171274038464,0.21201672808799085,0.21226672878306424,0.11536259404876525,-0.2396852863845349,2.825545172376932,17.333313738071233,B021
1104,0.4739741538461538,-0.4113895384615384,0.012105600360576915,0.1497523742961918,0.15016796928073006,0.09151555339225484,0.19702243876223455,3.1562932902161545,12.404834523512509,B021
1105,0.4397612307692307,-0.3890676923076923,0.015004213341346157,0.17890596034813286,0.17944696123235282,0.04925723789801199,-0.7643623872682309,2.4506474099598483,11.959771375541713,B021
1106,0.5503273846153846,-0.5217470769230769,0.012023702524038444,0.16218465271371227,0.16255074171911307,0.12090722302843873,-0.3152420637280127,3.3855728912412326,13.519191895685436,B021
1107,0.6988615384615385,-0.5820369230769231,0.012424431490384618,0.19977555709306047,0.2000641517951641,0.09072668758226032,0.7067087166620616,3.4931872211522865,16.10247937299953,B021
1108,0.7426707692307692,-0.6471249230769229,0.012608396033653851,0.2221980378284807,0.2224471282189409,-0.003413497162524409,0.4085354258251215,3.3386395013371657,17.64277768759749,B021
1109,0.5373932307692307,-0.4819015384615384,0.012076060096153859,0.17584585592128452,0.17617434329651568,0.03028113046757857,-0.38471106154054224,3.0503489935804917,14.588726943535663,B021
1110,0.5154886153846154,-0.5720233846153846,0.012485549278846151,0.19224561559241274,0.19255693571133686,-0.05717717089155674,-0.2057013306958844,2.6770711399218934,15.422384022589993,B021
1111,0.512568,-0.44414215384615385,0.011962584735576941,0.17357651791508685,0.17390367546845653,0.06982343796656719,-0.7295854691962709,2.9474247661486146,14.537299364013188,B021
1112,0.5638873846153847,-0.4620830769230769,0.014773595552884591,0.187024980352532,0.18751651624075655,0.02518358048488995,-0.2541350151012307,3.007134496309633,12.692679691244381,B021
1113,0.5029716923076922,-0.4383009230769231,0.012797046274038472,0.18064938147574494,0.18101407151357388,0.003568073225598247,-0.5816490633299454,2.778633109028628,14.14498843227592,B021
1114,0.599352,-0.6024812307692308,0.012021257812500014,0.20767229168681456,0.20791867256327526,0.12179307199857672,0.2080719666319424,2.8826270993895515,17.295916600929733,B021
1115,0.5839144615384615,-0.4378836923076923,0.013507438701923068,0.15875956831625507,0.1592558870640042,0.13100582078000045,0.14484619677791288,3.666517277969065,11.790235778847606,B021
1116,0.39324,-0.4316252307692308,0.008947236778846152,0.17123401308430414,0.1713840903020976,-0.028273137488709056,-0.7129937572165503,2.2944953601401306,19.15497427175494,B021
1117,0.6519230769230768,-0.6371113846153845,0.012765265024038457,0.18819707872776265,0.18853780630160769,0.16229943275876896,0.7765371164701618,3.4577843548268645,14.769595926646991,B021
1118,0.6932289230769231,-0.6554695384615384,0.011172128004807684,0.23059166955324115,0.2307496657079525,0.04522105269355856,-0.09355529406159092,3.0042467058405444,20.65404778826865,B021
1119,0.4055483076923077,-0.4218203076923077,0.00982122115384615,0.14996837454722484,0.15021653157136894,-0.0113962010909903,-0.4257353081256907,2.6997581654295404,15.29509713896848,B021
1120,0.4391353846153846,-0.3938658461538461,0.011833015024038468,0.16507323081307607,0.16541638750907628,0.03545897383683067,-0.5616988757601487,2.654727208277895,13.979225681116528,B021
1121,0.5004683076923077,-0.4520695384615385,0.010527131610576931,0.17548107766422347,0.1757110048765513,0.005794819625499678,-0.5060029928007461,2.8482468018660527,16.691251841100673,B021
1122,0.4723052307692308,-0.457284923076923,0.008533265625000001,0.1952107947281548,0.19530196334143887,0.04066602320205481,-0.8009110170705851,2.4183332450351145,22.8871304286205,B021
1123,0.49087200000000003,-0.4885772307692308,0.009259548677884607,0.16775390792381462,0.16792745771686748,-0.06564923364735313,-0.4258453289554529,2.9231193437563388,18.135598565180977,B021
1124,0.7165938461538461,-0.5849575384615384,0.008396972956730767,0.20487217928858692,0.20494421222490716,0.14322967480284196,0.8452826623880356,3.4965312675795466,24.40691583514389,B021
1125,0.4086775384615385,-0.4105550769230769,0.0078067788461538435,0.17647439932180758,0.1765608850153359,0.02302129689552127,-0.6259948196019689,2.314655017876928,22.616355413003912,B021
1126,0.6556781538461539,-0.5862092307692308,0.008145778846153848,0.1922574087280524,0.19233608171858055,0.010651193390003451,-0.029004870987614062,3.409023143174557,23.61174853272563,B021
1127,0.4946270769230769,-0.4577021538461538,0.011411913461538446,0.16513767724610404,0.16545105896873238,0.05800633183800837,0.06033553445052986,2.9895673077351144,14.498099685591885,B021
1128,0.4835704615384616,-0.4698018461538461,0.007333319711538468,0.17094002576834127,0.17101384256999194,-0.009620726315154884,-0.11990834623629397,2.8276685341454018,23.320112758879656,B021
1129,0.5067267692307692,-0.5563772307692307,0.010746544471153844,0.17673483768458126,0.17697510542921335,0.02603801069018164,-0.1921838845954129,2.8632658135833133,16.46809408403367,B021
1130,0.5232073846153845,-0.4760603076923077,0.010049801682692292,0.1830164979321152,0.1832029667626787,0.020308725006042437,-0.48700018059701705,2.8558892569308,18.22951064578615,B021
1131,0.4447680000000001,-0.4708449230769231,0.008475611177884625,0.16800871935496162,0.1681404187071638,-0.017384792132704822,-0.3435300923674585,2.6452176307150483,19.838146792987846,B021
1132,0.4282873846153846,-0.4345458461538461,0.009368134615384624,0.1389901867176052,0.13923781257245826,-0.11252827835396696,0.07573761007801005,3.0759416332578997,14.862917569928793,B021
1133,0.8782707692307692,-0.8663796923076922,0.008073252403846152,0.2617516975762661,0.261748391462068,0.061264956438423016,0.8341242041746337,3.3554008272025864,32.42167819965213,B021
1134,1.1398744615384615,-1.092936,0.008075085937500004,0.29862603683515904,0.2985893994715546,0.07225094876543409,0.9368991182043188,3.8175315786689628,36.976621893883646,B021
1135,1.3643446153846153,-1.17972,0.012109878605769231,0.44637055736737297,0.4463168681707586,0.008487047705498166,-0.17655231131284888,3.0568968208089857,36.855602165832615,B021
1136,1.3612153846153845,-1.5064116923076922,0.003143491586538465,0.4609101090552712,0.4606957250276013,-0.022616761139990005,0.009842146579063016,2.9546950637187517,146.55541850357167,B021
1137,0.9164473846153846,-0.929172923076923,0.010926841947115391,0.32323399193980684,0.3232608512668058,0.04074895084749457,0.35768836006761084,2.8350088822199746,29.58410607853117,B021
1138,0.4526953846153846,-0.4136843076923076,0.011665552283653836,0.16404698568797946,0.16438131872611214,-0.037668249667795986,-0.3004843506391124,2.7539344989052785,14.091173287736131,B021
1139,0.5480326153846153,-0.500676923076923,0.011874167668269231,0.16548354275544774,0.16582839265066732,0.09482264488867984,0.3555321791651478,3.3048177493892514,13.965475078628252,B021
1140,0.4929581538461539,-0.3865643076923077,0.00854895252403845,0.16118550131777626,0.16133343913363182,0.01133538701251388,-0.5251720726539055,3.0555237432076225,18.87172009436068,B021
1141,0.5834972307692308,-0.5947624615384616,0.013653510216346124,0.1939671452224636,0.19435259274976666,0.02511798271485624,-0.0006306624905811907,3.002261109634368,14.234624625474385,B021
1142,0.44455938461538463,-0.3730043076923077,0.013074724759615386,0.152986959076797,0.15347019782476104,0.0319641339266994,-0.4080185906174836,2.89671474277372,11.737929527877544,B021
1143,0.4906633846153846,-0.5951796923076923,0.009401953124999996,0.18139574327282065,0.18155076199682746,-0.02211641374648941,-0.28743536162797634,2.702623658632503,19.309898654363643,B021
1144,0.4376750769230769,-0.4748086153846154,0.013000364783653844,0.16814902617915134,0.16856895642021905,-0.0656548990845899,-0.1434072325650324,2.596415652191697,12.966478958511312,B021
1145,0.5972658461538461,-0.49087200000000003,0.00895844170673076,0.18803969012708288,0.18816123017413894,0.10540337509041388,0.09965801979632173,3.1742237526885333,21.003790205250482,B021
1146,0.3834350769230769,-0.3573581538461538,0.011760896033653837,0.14997859272331476,0.15036598872665968,0.04380771222628958,-0.4949659761310032,2.5500120085007922,12.78524938035223,B021
1147,0.485448,-0.4689673846153846,0.011503182692307679,0.18279703474299672,0.1830695155543812,-0.0011273262318966092,-0.6395883863912211,2.651714014372844,15.91468382718133,B021
1148,0.5104818461538462,-0.39595199999999997,0.011278472956730751,0.1665612197493211,0.1668614738482679,0.08356258457606512,-0.4144011502262366,3.059315217472204,14.794686699912555,B021
1149,0.5138196923076923,-0.5536652307692308,0.01385458774038462,0.19117939672037132,0.19158762590638198,-0.10552330086783372,-0.03442977509253309,2.6819043760099976,13.828460975993163,B021
1150,0.5280055384615384,-0.4124326153846154,0.012702313701923082,0.1626014362267081,0.16301765634032267,0.10543005840330699,-0.14060094279309832,3.238946935657395,12.833697873139633,B021
1151,0.5981003076923076,-0.5626356923076923,0.01548684014423076,0.19091314156392813,0.1914473197979004,0.09346785115058556,0.15342520332237752,3.1240986205692862,12.361935553988356,B021
1152,0.5789076923076923,-0.5346812307692307,0.012319920072115386,0.1833143230406952,0.18363851697962275,0.055322937610412695,-0.003381440746229369,3.1524306655772563,14.9058204846041,B021
1153,0.59664,-0.5350984615384615,0.011803271033653834,0.2193088528309042,0.21951929533166686,0.11165354918652932,-0.2063949525518809,2.7179387538509987,18.598174582771755,B021
1154,0.5156972307692308,-0.5394793846153846,0.012910521634615386,0.16599165322545734,0.16641214817212446,-0.04322094419189449,0.2382350276969496,3.0989157728787418,12.889653329416538,B021
1155,0.5724406153846154,-0.4282873846153846,0.0107218936298077,0.16866845809260456,0.16892668671400174,0.07809708368865187,-0.4006771815924597,3.3886926128716155,15.755303358389268,B021
1156,0.5442775384615385,-0.4595796923076922,0.015130930889423085,0.16991615860193438,0.17050586851621213,0.15376477487592288,0.2062612421157617,3.19213375585244,11.268696537065024,B021
1157,0.6145809230769229,-0.5943452307692307,0.011282954927884607,0.17835419110380515,0.17862378870319942,-0.023503457926697363,0.5952714578359992,3.4406443147284715,15.831295068080964,B021
1158,0.499008,-0.4510264615384616,0.01227143329326923,0.1926034642179535,0.1929001188416224,0.0789804543312688,-0.6425525801205914,2.5868724342762213,15.71944484654668,B021
1159,0.5119421538461538,-0.4808584615384615,0.013559388822115388,0.17120502000961824,0.17165777501509435,0.06315126577825657,-0.27896475991356073,2.9823417774181062,12.659698550359455,B021
1160,0.5146541538461539,-0.4940012307692308,0.013393352163461531,0.18712586270246628,0.18751339945560871,-0.02734341181349749,-0.4344341709295612,2.7446260125425934,14.00048301329408,B021
1161,0.38072307692307694,-0.3421292307692308,0.014315008413461538,0.14184245813252158,0.14249405130642545,-0.12148728896352932,-0.3922654541725215,2.6718524277504985,9.954171677078932,B021
1162,0.3915710769230769,-0.4138929230769231,0.0146802890625,0.16784990047111684,0.16840898641262736,-0.04217798700075544,-0.7522013141202502,2.3251198481990083,11.471775909564268,B021
1163,0.5753612307692307,-0.5471981538461539,0.017063475360576917,0.18468501831929715,0.18538179265038285,-0.0329768056508864,-0.2672712830916466,3.1036555561544383,10.864245924876762,B021
1164,0.4201513846153847,-0.4723052307692308,0.014485934495192315,0.14251807809559944,0.14318313283406106,-0.03844249819598382,0.3990359569360421,2.9343636802688904,9.884286918567911,B021
1165,0.5847489230769229,-0.6302270769230769,0.01238714963942308,0.18500777301016133,0.18533184262327973,-0.09195787314345154,0.3703422869919071,3.1551454666402368,14.961621359077355,B021
1166,0.5526221538461538,-0.6606849230769232,0.01598861718749999,0.20580026984715805,0.20632020226750214,0.01030590362660876,-0.19121792738787446,2.678468457149231,12.904193017317636,B021
1167,0.5672252307692307,-0.512568,0.013229149038461535,0.1937918648873704,0.19414845401379516,-0.02182268611144476,-0.4763171295295581,2.9216057045137567,14.675808205753901,B021
1168,0.3957433846153846,-0.3990812307692307,0.012432173076923077,0.16379244366185347,0.1641838126733437,-0.035650247040585996,-0.4612433100918341,2.4103678564387248,13.20636478091718,B021
1169,0.5257107692307692,-0.43642338461538455,0.01563841225961536,0.16514939764028708,0.16580786590921534,0.13035211662221766,0.1500435169697858,3.1706021083379192,10.60260230748601,B021
1170,0.3903193846153846,-0.4101378461538461,0.013960525240384622,0.137306393607186,0.13794756544764628,-0.002981924341034285,0.2411917770106773,2.829476427139399,9.881258983623006,B021
1171,0.6377372307692307,-0.7005304615384614,0.014376533653846148,0.2021883451732261,0.20260031995245886,-0.03482244381916738,0.7535974468401521,3.1477602351214378,14.092431794103398,B021
1172,0.5801593846153845,-0.5476153846153846,0.010745525841346146,0.1974535667836136,0.19764944530483095,0.0280588598163948,-0.07208540088320925,2.9352947776838723,18.393650364165925,B021
1173,0.5997692307692307,-0.5914246153846153,0.013296378605769231,0.17889073951245013,0.17929706778168306,-0.01314922124475183,1.1837079556028636,3.345114553125464,13.484654212831073,B021
1174,0.5903815384615384,-0.5430258461538462,0.010381467548076905,0.19424303135339804,0.1944255231387597,0.03304266982520943,-0.16351127595709336,3.0365433968264983,18.728134749578413,B021
1175,0.4614572307692307,-0.44455938461538463,0.01311587740384616,0.1476153735766529,0.1481250997226762,0.14933188007228082,0.4584626743654443,3.1153209795853862,11.293571536376154,B021
1176,0.576612923076923,-0.5286313846153846,0.013489307091346141,0.18774511494416676,0.18813762912656729,0.059069560944351875,-0.24044944445689165,3.0648463348552872,13.947167771668875,B021
1177,0.4581193846153846,-0.38406092307692297,0.008514319110576917,0.16042867602889194,0.16057621113223675,0.045963705846768364,-0.14358470768361942,2.8529716910440546,18.859548138471915,B021
1178,0.4900375384615385,-0.4629175384615384,0.014100281249999997,0.19010510283291887,0.19053470847696388,0.001030678810924783,-0.4036491119117729,2.5719069369494183,13.512830354143748,B021
1179,0.3988726153846154,-0.4009587692307692,0.008321390624999994,0.17770402294862708,0.17781205448600085,-0.04067075379064078,-0.8850059218306154,2.2432259530301897,21.368069653141774,B021
1180,0.4695932307692308,-0.4781464615384615,0.01205039062499999,0.17691866781802038,0.17724237732688314,-0.030346692299433493,-0.4166352869617849,2.6494410527070125,14.708434177990252,B021
1181,0.5421913846153846,-0.5096473846153846,0.011086563100961542,0.20119725142926045,0.2014043551860926,-0.012355704387596202,-0.44056652106136784,2.6920539236324523,18.166527656224197,B021
1182,0.4693846153846154,-0.5449033846153846,0.011893929086538472,0.18326282995525456,0.1835590702801844,-0.14666028172026713,-0.3154839286612781,2.5571311440407016,15.433005270557413,B021
1183,0.6043587692307693,-0.5793249230769231,0.013296378605769241,0.2075355909377606,0.2078599375672815,-0.05497552179495975,-0.07306686912423023,2.9075288692182277,15.632823322065454,B021
1184,0.540731076923077,-0.4819015384615384,0.010353964543269232,0.1854448155183436,0.18564320729628805,-0.054453865608409376,-0.3137935022792373,2.9127436699586093,17.929673848165578,B021
1185,0.4802326153846154,-0.4055483076923077,0.011779842548076923,0.15558723738732236,0.15595676676728445,0.049547549878942464,-0.5105166404120807,3.0792675774127125,13.239291283459867,B021
1186,0.44455938461538463,-0.4679243076923077,0.008612718749999984,0.1606710400033263,0.16082335614044113,-0.06681496614613085,-0.16893513968037066,2.7642712805170366,18.672774626530266,B021
1187,0.5774473846153846,-0.5232073846153845,0.011727077524038454,0.19906123709030016,0.1993093168991762,-0.04451846006952856,-0.4948186133991066,2.8972423045707165,16.995651004321154,B021
1188,0.4714707692307692,-0.5040147692307693,0.014524846153846154,0.16078571683968798,0.16136223770154845,-0.07069779134171485,-0.07953163719297462,2.921816008171563,11.109393930401119,B021
1189,0.4443507692307692,-0.4762689230769231,0.009349799278846152,0.16599971376391193,0.16618186920602512,-0.0042257460731054885,-0.2323089910634044,2.6738823636643674,17.773843507208788,B021
1190,0.5021372307692308,-0.5882953846153847,0.01076569471153846,0.17864185711439792,0.17887886499441694,0.028891394405892563,0.0662183559762397,2.8071356042252567,16.615636035331573,B021
1191,0.4585366153846154,-0.40659138461538463,0.011676146033653844,0.17326257476063975,0.17357112625936216,-0.04641867560958817,-0.4064989082669057,2.6417793400697174,14.865446677275422,B021
1192,0.5023458461538461,-0.4706363076923076,0.010663831730769228,0.1961411689948367,0.19633518736111927,0.01765965667095496,-0.5849926291250438,2.558613424856348,18.41131708732962,B021
1193,0.4933753846153846,-0.4819015384615384,0.01235109014423077,0.1820676396275571,0.18239737696252425,0.04651834443466875,-0.5033425880263285,2.704947805892815,14.767714819709466,B021
1194,0.4456024615384615,-0.404088,0.007763792668269236,0.1445088180362529,0.14464674766108687,-0.024634785583069512,-0.018778881918082302,3.080625515220888,18.630939006429266,B021
1195,0.4293304615384616,-0.3980381538461538,0.01113708713942308,0.14619253217214767,0.14654494132740806,-0.061095610682183575,-0.71143239764071,2.929684625409616,13.158282726249668,B021
1196,0.6108258461538462,-0.5866264615384615,0.009984609375000009,0.19100272154642256,0.19117035615041744,-0.024259649427660804,0.5727350595380711,3.1951912339025705,19.14650328024648,B021
1197,0.6031070769230769,-0.6035243076923077,0.007043010216346144,0.20505452722051912,0.2050753550585352,-0.0037440794453567797,0.15429305861294162,2.940904706715882,29.117571714233105,B021
1198,0.44455938461538463,-0.4143101538461538,0.011547594951923085,0.17412827824486626,0.17442589892792815,0.02695789521473616,-0.6207698775555963,2.5487005504788844,15.104954724696164,B021
1199,0.4985907692307692,-0.4819015384615384,0.007558844350961546,0.1839596481228876,0.18402510770349897,-0.018275335234506338,-0.1929960724503128,2.7093627356224563,24.34566703044884,B021
1200,0.6611021538461538,-0.6131206153846154,0.009749305889423071,0.1774884473957146,0.17766945181128962,0.0664328482575886,0.964692121679192,3.7209669254134856,18.223805245873088,B021
1201,0.4330855384615385,-0.4234892307692307,0.010737580528846165,0.16379270314827354,0.16406445676330975,0.014374133585325518,-0.7069378562694637,2.6397279886547054,15.279462288786185,B021
1202,0.4351716923076923,-0.3909452307692307,0.005713290865384613,0.16967937638634986,0.16969271099193425,0.027367477997166392,-0.6493625658351041,2.564468973145091,29.701395393688003,B021
1203,0.5922590769230769,-0.5745267692307692,0.008855560096153826,0.21597026884720388,0.21604635616579376,0.016710075363902243,-0.4326049731622192,2.7413518442707634,24.396690194630114,B021
1204,0.4449766153846154,-0.4952529230769231,0.0076319819711538435,0.14840897711902176,0.14853269885796802,-0.09303927350436407,-0.06513556128150011,2.995815862809556,19.46187758558241,B021
1205,0.5144455384615384,-0.5094387692307691,0.00767231971153846,0.2014788133801556,0.20152651049854756,-0.037080731144910985,-0.5852071704283799,2.5527437416986696,26.26669873981793,B021
1206,0.4616658461538461,-0.5745267692307692,0.005181769831730769,0.1565407876713217,0.1565501142174808,-0.21783636495359626,0.016606901867935342,2.9489971850962418,30.21170744768324,B021
1207,0.4837790769230769,-0.5257107692307692,0.007292370793269231,0.17691243380081045,0.17697633582762073,-0.052582624512042,-0.4061898259592698,2.7335805923470438,24.268696812697414,B021
1208,0.4526953846153846,-0.4209858461538461,0.007587977163461531,0.16476352275728104,0.1648577722421219,-0.05347122469732907,-0.4201622081831373,2.7459753850763184,21.726181917884954,B021
1209,0.7007390769230769,-0.5907987692307692,0.007576772235576937,0.20407771833401245,0.2041187179097719,0.03048784291879045,0.2741620177159003,3.4329976402890683,26.940062544222588,B021
1210,0.3817661538461538,-0.4130584615384616,0.010311182091346157,0.13458743021445174,0.1349162985451083,-0.03444676529368305,0.007549012602564797,2.829651850539859,13.084464744186725,B021
1211,0.4750172307692308,-0.4145187692307692,0.007153022235576918,0.1707002404007374,0.1707667478263327,-0.016507001642450392,-0.5093909204535141,2.7816728772765313,23.873370192670695,B021
1212,0.5296744615384615,-0.4869083076923077,0.008018450120192309,0.1646406216133128,0.16475545090424215,0.02871809659257144,-0.2439176065333681,3.2149131250674965,20.547044433106826,B021
1213,0.6855101538461539,-0.6093655384615385,0.00927258713942308,0.1819960616292548,0.1821433530615936,-0.008836115602189925,0.26338476366626784,3.763574911319118,19.643207480595983,B021
1214,0.5382276923076923,-0.5146541538461539,0.006223216947115385,0.17232626761187714,0.17235449110403142,-0.0197864668919458,0.11583137319654525,3.122794705609518,27.695401360532994,B021
1215,0.5052664615384616,-0.5154886153846154,0.01232073497596153,0.1999100872554936,0.20019194816754726,-0.1034591555248978,-0.5697344052972309,2.5239100081866788,16.24837711046731,B021
1216,0.5753612307692307,-0.49733907692307705,0.007187451923076927,0.1757326781886922,0.1757938436652534,0.07491227446302072,-0.22583942215638464,3.2729316270303164,24.458437502841285,B021
1217,0.5150713846153846,-0.5570030769230769,0.008657538461538468,0.18679871577121948,0.18690809840207848,-0.07815574437197223,-0.2456348929478307,2.7557467494391723,21.589057817349204,B021
1218,0.4954615384615385,-0.4082603076923077,0.010071192908653845,0.1724585838402605,0.17266831550956982,0.06418464458537641,-0.4707155794076057,2.8694409683638717,17.144772925678115,B021
1219,0.3901107692307693,-0.3761335384615385,0.008034544471153867,0.1595156496408108,0.15964005611242804,0.017706655336966345,-0.6478843560834759,2.443689752627185,19.869210592533022,B021
1220,0.4739741538461538,-0.545112,0.011785546874999995,0.15933684987097155,0.1596945135153416,-0.05331703464567398,0.024053393092816844,2.968005245844717,13.550029982409418,B021
1221,0.6239686153846153,-0.6220910769230769,0.009822647235576909,0.2084172980129192,0.208546960688346,-0.15566042683902373,0.10864848430294273,2.9919813423561625,21.23123794296553,B021
1222,0.6079052307692308,-0.5275883076923077,0.011167442307692307,0.18923074659677114,0.18946772338914492,0.04761396583613755,0.414762194782238,3.2084896566823846,16.96608034040495,B021
1223,0.39324,-0.4078430769230769,0.011154607572115382,0.16831202738183812,0.16859922553917212,-0.0812138114640714,-0.6886899518665364,2.3323950554484316,15.114760824095814,B021
1224,0.5376018461538461,-0.5048492307692307,0.009066416466346152,0.15547910324249833,0.15566741558010588,-0.16396503583147573,0.16862540985737873,3.4535284352890034,17.169674055668132,B021
1225,0.4577021538461538,-0.4395526153846154,0.011623381009615366,0.17177600067223633,0.17208510094955148,-0.04936320485034396,-0.19488237754258675,2.659743065033468,14.805081310437574,B021
1226,0.625428923076923,-0.7447569230769231,0.013424522235576927,0.2034697664107546,0.20381298782434845,-0.1268909181487171,0.2998749402231793,3.068641158511128,15.18214087978599,B021
1227,0.4658381538461538,-0.4418473846153846,0.01143371213942308,0.1656926840100902,0.1660059778950183,-0.010781139403553576,-0.3297761463691038,2.8061528852939768,14.518992245977133,B021
1228,0.4355889230769231,-0.3865643076923077,0.015270483173076915,0.1590080042271053,0.15966227513822293,0.12747217310725034,-0.4570111953500518,2.7281893778591395,10.45561383543648,B021
1229,0.6300184615384615,-0.5300916923076923,0.010409174278846151,0.1794212525846894,0.17963546226181587,0.061243983177515476,0.22897479491020434,3.5072053903266576,17.25741710626141,B021
1230,0.585792,-0.6054018461538461,0.014831046274038443,0.1523014423467543,0.1529478250745983,-0.10310021962763152,0.9793873230397524,3.8300119646309945,10.312679378684935,B021
1231,0.5246676923076923,-0.5330123076923077,0.011791862379807692,0.17447030703013072,0.1747833218599906,-0.14975546301616924,0.3353469396864517,3.0018178320696696,14.822367852536035,B021
1232,0.4944184615384615,-0.40387938461538464,0.01255237139423078,0.16580964577651594,0.1662033458896821,-0.004605289788986177,-0.5508161323538157,2.9747804347250204,13.240792569766633,B021
1233,0.6821723076923076,-0.5691027692307692,0.011549835937499987,0.2051813643254252,0.20540613011511066,0.0008942858406038813,-0.1798951580790975,3.3210903068472923,17.784333147815406,B021
1234,0.5565858461538462,-0.6045673846153846,0.01192306189903845,0.1732810125340479,0.17360629637830727,-0.10391340894819437,0.2656856938348793,3.2060233860469225,14.560546430804653,B021
1235,0.4768947692307692,-0.3984553846153846,0.01441320432692309,0.16616279826160418,0.1667058877805918,0.12455905553960415,-0.32578194409779204,2.8606954174193846,11.566191944507036,B021
1236,0.5361415384615384,-0.5428172307692307,0.009619125,0.16999307047904044,0.17018211193065566,-0.008302501412082953,0.6697267589158757,3.1503989013839533,17.692057430447747,B021
1237,0.5396880000000001,-0.5670166153846153,0.01421477524038462,0.1924144383194697,0.19284506819420708,-0.12446180958834514,-0.201106744401204,2.7985574381217795,13.566522504438074,B021
1238,0.4860738461538461,-0.5457378461538461,0.014425631610576906,0.1829255564776566,0.18340441805145605,-0.05377926556997414,-0.09985567991582034,2.650284280597172,12.713787721917392,B021
1239,0.5513704615384615,-0.5855833846153846,0.012589042067307682,0.18830887392045084,0.1886374481500189,-0.09941682045661876,-0.09430573103691307,2.9229109434303284,14.98425751073539,B021
1240,0.4919150769230769,-0.4587452307692308,0.012613896634615384,0.17744236354514067,0.17780369772497168,-0.028096343356173236,-0.39200534815626653,2.7666189354732964,14.0958581535414,B021
1241,0.43996984615384616,-0.4318338461538461,0.010938250600961541,0.1733045485979546,0.17356491971938226,-0.06161813074606224,-0.54207404334836,2.5349007556664347,15.867703717093926,B021
1242,0.5941366153846154,-0.6131206153846154,0.012196462139423069,0.16502414921786734,0.1653938596704984,-0.13546043839751795,0.8445781429581709,3.592253162047663,13.560806222313426,B021
1243,0.3638252307692307,-0.341712,0.010639995793269224,0.12891399404650913,0.12928958990261655,-0.009581311242024527,-0.2021915208282623,2.814033450359545,12.151282050732027,B021
1244,0.5269624615384615,-0.602064,0.014805173076923056,0.1835671712596801,0.18407387750302054,-0.006380151197479779,-0.2988569293888683,2.8627769930571185,12.433078394060654,B021
1245,0.5670166153846153,-0.6026898461538461,0.013646787259615377,0.22802214646210894,0.22831898430073935,-0.05688680883348651,-0.6675509870142617,2.4834405124969683,16.730603324959752,B021
1246,0.5294658461538462,-0.5127766153846154,0.012564391225961516,0.18308597138784186,0.18342737529898195,-0.12988245826020325,-0.32878470462129394,2.8865148688456688,14.5989862938978,B021
1247,0.4241150769230769,-0.3949089230769231,0.013161715745192306,0.15909186669140365,0.15955793867744222,-0.0682970066102478,-0.5968008467978261,2.658063148963436,12.12288289509104,B021
1248,0.5778646153846153,-0.5357243076923077,0.011852980168269238,0.1736659871360671,0.17398538796059412,0.021573403314944367,0.2811979968578777,3.3213399249107955,14.678619679661484,B021
1249,0.5401052307692308,-0.5457378461538461,0.012353127403846148,0.14360048037566173,0.14406095907564914,-0.12901207569796866,1.0687877170048772,3.749143655815947,11.661901829879591,B021
1250,0.5169489230769231,-0.4554073846153846,0.014471673677884619,0.2005532349497728,0.2009769899305894,0.006302409237587568,-0.5473362449303885,2.572179647309175,13.887612062295132,B021
1251,0.4921236923076923,-0.4681329230769231,0.01278828605769232,0.1985453512236,0.1988600020330009,-0.006109465950555284,-0.5638618001051547,2.474724365264888,15.55016842256074,B021
1252,0.4994252307692308,-0.4647950769230769,0.014291172475961532,0.16254138304866295,0.16308935687117493,-0.09995391647690907,-0.11563513397257275,3.0622797241375426,11.411894800479065,B021
1253,0.5983089230769231,-0.5997692307692307,0.012322568509615387,0.2115942436928017,0.21184958551126407,0.030162659924714414,-0.4832895193966968,2.8242156888483074,17.191999001341017,B021
1254,0.4478972307692307,-0.3604873846153846,0.012830253605769223,0.14848026058222308,0.14896131549695815,-0.04868155756125879,-0.3713564995708141,3.0068023316991783,11.610161425801945,B021
1255,0.6314787692307692,-0.6631883076923076,0.0140780751201923,0.20891311771974647,0.2092851193615033,-0.0682598706234874,0.451175012517445,3.017313276535445,14.86603229310262,B021
1256,0.5353070769230769,-0.5893384615384615,0.010827016225961557,0.18981222859490945,0.1900282140752694,-0.12184895361954393,0.02174727057063386,2.8169873591036536,17.551300386861005,B021
1257,0.4591624615384615,-0.4577021538461538,0.013183514423076923,0.16697242757866387,0.16741078300127232,0.07767703241116063,-0.5360074788834077,2.742729311139844,12.698494318649216,B021
1258,0.4307907692307692,-0.4433076923076921,0.00991941706730769,0.1654521647986972,0.1656685873683825,-0.08556539788755202,-0.621042850131333,2.600316548078352,16.701443869558755,B021
1259,0.4779378461538461,-0.3713353846153846,0.011853183894230759,0.14273719660986325,0.1431590334929287,0.10313164354381536,-0.16322864098369472,3.338509869008397,12.07768602684109,B021
1260,0.6124947692307692,-0.523416,0.01131392127403845,0.17523432364588148,0.1755137761742694,0.1288440962825952,0.2324706911206724,3.489724753130586,15.51308091360093,B021
1261,0.6018553846153846,-0.6375286153846154,0.008612311298076911,0.2260133253164516,0.22606704832459285,-0.08815823268065605,-0.5719420355042759,2.6622870917092936,26.249289012006866,B021
1262,0.4199427692307692,-0.4309993846153846,0.012894019831730785,0.16854176276001084,0.16895218551158026,-0.0771090152585216,-0.6226281617317402,2.4855716897606253,13.103142985386706,B021
1263,0.5221643076923077,-0.4960873846153846,0.011959936298076913,0.15611005320527235,0.1564915001504657,0.013433862038430165,0.0557321086114273,3.336694371197475,13.084643283227908,B021
1264,0.5150713846153846,-0.4810670769230769,0.01194119350961538,0.18520271198176505,0.18549700938452546,-0.14135112628441546,-0.12831611132224066,2.7767099120593848,15.534210147014045,B021
1265,0.5332209230769229,-0.5542910769230769,0.009197208533653854,0.1768884545832202,0.1770411190445241,-0.12185166436948512,0.0700666646037682,3.011847902649232,19.24944056630947,B021
1266,0.4599969230769231,-0.4568676923076922,0.013852754206730771,0.1815137264506136,0.18195317160462235,0.008017448566113949,-0.7016971605798497,2.528106100159,13.134801129743211,B021
1267,0.5165316923076922,-0.6300184615384615,0.012225187500000009,0.17780673554351156,0.17813987807596818,-0.041512558016119736,-0.012879460171692614,2.899584853692423,14.571545677803964,B021
1268,0.5140283076923077,-0.4272443076923077,0.010884466947115385,0.1821673950003663,0.18240346552255104,0.11339674459074255,-0.4449448902677911,2.818084109420372,16.758144097345234,B021
1269,0.43412861538461534,-0.3861470769230769,0.013962562499999984,0.1502524018391522,0.15082669109174826,0.06265785861944445,-0.4304129756231125,2.8783275177769023,10.802221375320496,B021
1270,0.6001864615384616,-0.450192,0.012044482572115376,0.1538555878068431,0.15425140102988705,0.053334741985480064,0.09556510368753203,3.8909627888706972,12.806810098011196,B021
1271,0.733908923076923,-0.6442043076923077,0.010080156850961542,0.1755188561111658,0.17572249025053716,-0.0541483056808546,1.5930954814640366,4.1765224362035225,17.432515470607488,B021
1272,0.4914978461538461,-0.5555427692307692,0.014401591947115391,0.17216480692554684,0.1726823111322372,-0.026803331133841923,0.06464181276118852,2.8462547375652467,11.990501589431933,B021
1273,0.38072307692307694,-0.3924055384615385,0.011226726562499985,0.1332764163110961,0.13368356758369446,-0.10150352576744574,-0.3576224820991052,2.8479422250959905,11.907617669270605,B021
1274,0.4940012307692308,-0.48816,0.01418930949519231,0.14383836380527462,0.14446662881369782,0.020573775894023563,0.25185956591844505,3.419483342456118,10.181371324844717,B021
1275,0.8313323076923077,-0.8206929230769231,0.01109573076923077,0.26700856217285857,0.26710871360879784,-0.0017750128633830153,0.022003790614709917,3.1123369075479155,24.073106960157038,B021
1276,0.5173661538461538,-0.5019286153846154,0.013425337139423071,0.1920431406501744,0.1924182719196089,-0.0026533541822626487,-0.4377125522045118,2.6887579265980834,14.332472244185126,B021
1277,0.4752258461538461,-0.4191083076923077,0.013486862379807693,0.16427744242322834,0.16475017140362128,0.026066232673202315,-0.08438064391500077,2.884524138002812,12.21560410153532,B021
1278,0.3367052307692308,-0.3707095384615384,0.009659666466346148,0.14360630720808049,0.14386083970601238,-0.1196912370303344,-0.5710991101852416,2.340492600052291,14.892940683533665,B021
1279,0.5280055384615384,-0.5271710769230771,0.014821674879807702,0.18115984861387072,0.1816769745951465,-0.04337257558999424,0.17396308383834613,2.9062875999457782,12.257519886814814,B021
1280,0.6335649230769229,-0.7468430769230768,0.010337462740384612,0.2415232514783539,0.2416265255524349,-0.023841426397840714,-0.2327055285679092,2.6220834886748987,23.373871482843672,B021
1281,0.4247409230769231,-0.3657027692307692,0.01320694290865386,0.15861152225212358,0.1590832183127389,0.0027276650749602075,-0.6390712149846611,2.669929157718776,12.045423336274094,B021
1282,0.4558246153846154,-0.4593710769230769,0.015534919471153834,0.16071495302710334,0.16138589135200376,-0.060742598949304415,0.008990617415125524,2.8244390607255885,10.388588859547985,B021
1283,0.3838523076923077,-0.3901107692307693,0.010526724158653843,0.14737152884511293,0.1476752182743698,-0.02140189200876732,-0.4113876112230805,2.5993007640533032,14.028601495458439,B021
1284,0.35256,-0.3784283076923077,0.014794579326923076,0.15183288435544373,0.15247816707429965,-0.03410411074185389,-0.7594947013425943,2.312199882545836,10.306353678932997,B021
1285,0.5436516923076923,-0.5019286153846154,0.013871496995192295,0.18496141239875405,0.18539075919580936,-0.09635382651871906,-0.08921250579379425,2.932463811389263,13.364870371241384,B021
1286,0.6187532307692307,-0.5219556923076923,0.011604230769230764,0.20431377873142867,0.20454342475107304,-0.07318247925506405,-0.2527839820433897,3.02504581373,17.626625048980483,B021
1287,0.4981735384615385,-0.4512350769230769,0.014056480168269216,0.17773000022694274,0.1781984567976315,0.049438600266631307,-0.6605298183303856,2.795610845425458,12.677317128073973,B021
1288,0.5027630769230769,-0.4704276923076923,0.00983038882211539,0.14853905623670174,0.14879160272800834,-0.08196989544124937,0.14295308445525645,3.3789748057363815,15.135881745925698,B021
1289,0.4804412307692307,-0.4892030769230769,0.012042241586538473,0.1451317587155136,0.14555986195476647,0.0640453009102531,0.5513521122047504,3.3006436274206585,12.087439112455765,B021
1290,0.6154153846153846,-0.5935107692307693,0.013376646634615384,0.21626311665948933,0.21657099697908475,0.0012460023697889366,-0.14913936564225105,2.8416334282970404,16.190230847442262,B021
1291,0.4320424615384615,-0.4816929230769231,0.012454379206730782,0.16233736426380033,0.1627353545975308,-0.09162868146764093,-0.4043420825236099,2.6548776853497382,13.066516756578515,B021
1292,0.4458110769230769,-0.3936572307692308,0.012362906250000014,0.15783880725394725,0.15824538330625898,0.06486073728497986,-0.3404040095124188,2.8172137954905128,12.800014827117113,B021
1293,0.4802326153846154,-0.4182738461538461,0.00921696995192307,0.18383577107090465,0.18397700876403303,0.048952677753694634,-0.5058440546894607,2.610286027644665,19.960682276678927,B021
1294,0.5305089230769231,-0.5394793846153846,0.012862849759615394,0.16378834627823494,0.16421290268149702,-0.002023146084620946,-0.01547972798957442,3.2306165618781133,12.76644800727324,B021
1295,0.5528307692307692,-0.5530393846153846,0.009805941706730764,0.18724593862110409,0.18741120223851296,0.008178424295992552,0.026689364541951036,2.9498277724465853,19.112004521694697,B021
1296,0.5298830769230769,-0.611868923076923,0.011833829927884605,0.20293290130900127,0.20317870311519926,-0.04171313975151805,-0.4791384884201109,2.6079656420616155,17.169310726398034,B021
1297,0.5113163076923077,-0.4679243076923077,0.011586302884615395,0.18878898509004224,0.18905215515167198,-0.02385268615052551,-0.3610044396963144,2.7046309378599305,16.316866306222714,B021
1298,0.6016467692307692,-0.5497015384615385,0.011341628004807692,0.18343486022383584,0.1836957287373532,-0.04059626008397296,0.5597941945473224,3.2752354851483743,16.196592646089695,B021
1299,0.5937193846153845,-0.4335027692307693,0.010941713942307665,0.1734776665140568,0.17373782755128578,0.04150716052218016,0.15580485200948502,3.4173293921274808,15.878483797634685,B021
1300,0.6208393846153847,-0.500676923076923,0.009963014423076929,0.20756630779461693,0.2077040196810403,0.039804502009133234,-0.3795548591632305,2.9890581105207965,20.847507677991906,B021
1301,0.32669169230769235,-0.3385827692307692,0.0123608689903846,0.1259939546757139,0.12653760420702678,-0.15871082961514751,-0.5446949154222422,2.5817755469211803,10.236950517432,B021
1302,0.5188264615384615,-0.4516523076923077,0.008835187500000003,0.1602428387823507,0.16040807951745625,0.08853093344474819,0.2637502335171389,3.2344160163204294,18.15559426638724,B021
1303,0.4207772307692307,-0.3936572307692308,0.011912875600961563,0.13744719774459144,0.13789561202492864,0.04217301447801525,-0.01874125447578523,3.051418566481745,11.575342230032037,B021
1304,0.4873255384615384,-0.4900375384615385,0.010448493389423065,0.19159810994832424,0.19178935658924934,0.05028039484454154,-0.6537604335786059,2.540941515880007,18.355694877827684,B021
1305,0.5275883076923077,-0.5488670769230769,0.008848225961538454,0.1742293606014028,0.17436891005523278,-0.12014937933297025,0.535151150775361,3.0257017006368265,19.70665202416632,B021
1306,0.4597883076923077,-0.4710535384615384,0.01152864843749998,0.16681532227067494,0.1671319428800995,-0.031274241701552394,-0.6212878562669344,2.7510498577890643,14.497097711511321,B021
1307,0.5392707692307692,-0.4923323076923077,0.011452251201923088,0.18209815073418356,0.1823691531022306,-0.016912183597673186,-0.2219060499521479,2.9570284231592088,15.924306050115874,B021
1308,0.49733907692307705,-0.4937926153846153,0.007521358774038456,0.1728355438026253,0.17291478838459667,-0.06468884222240127,0.09449222826288484,2.8762090366550748,22.98983382915441,B021
1309,0.4380923076923077,-0.35151692307692306,0.014636080528846154,0.16231227406042367,0.16289187013773568,0.0478555333522748,-0.6479009340986801,2.6894669901074386,11.129473482787498,B021
1310,0.6268892307692308,-0.615624,0.009330852764423076,0.20422180778972432,0.20433522099879795,0.02480933921506525,-0.30978382728309706,3.067945054724161,21.898879572710943,B021
1311,0.500676923076923,-0.3869815384615384,0.011384003004807672,0.16546178916593654,0.16577232355649238,0.0278622046639442,-0.3841938975707495,3.0202684762773497,14.56186575903781,B021
1312,0.5058923076923076,-0.5221643076923077,0.012455397836538469,0.1941439055910954,0.19444841105092447,-0.09102160369888833,-0.4544188291212281,2.6016787946897573,15.611577695294594,B021
1313,0.3778024615384615,-0.3832264615384615,0.00796874098557692,0.14781161814156288,0.1479541790048439,0.009830437907885018,-0.6281210074233119,2.5535099047529606,18.56681993713117,B021
1314,0.5421913846153846,-0.531552,0.011212262019230762,0.180732818037114,0.18099217539564386,0.03411854192546026,-0.004381602522936401,2.99566201373164,16.14234264996789,B021
1315,0.5257107692307692,-0.5096473846153846,0.0093516328125,0.17904932828547054,0.17920604819220864,-0.06489514917799907,0.23604057638450904,2.9335548355316368,19.16307577353445,B021
1316,0.43392,-0.4620830769230769,0.008122146634615376,0.194733849278844,0.19480813337401665,-0.022704854081131882,-0.7915898306023226,2.227422400105374,23.98480871347157,B021
1317,0.4332941538461538,-0.4191083076923077,0.008801368990384606,0.15430699492790104,0.15448255627474253,0.013574686230841166,-0.13216332907704986,2.8048095804134237,17.552105410364337,B021
1318,0.43412861538461534,-0.3980381538461538,0.006719493389423077,0.1566050769332455,0.15667275248352194,0.018927814792741242,-0.3854950317348469,2.7709260768254818,23.316155460489803,B021
1319,0.6191704615384614,-0.5098560000000001,0.009979719951923066,0.16703957415854234,0.16725598908354994,0.060609089498756125,0.5474965404399281,3.701932976696967,16.75958743224254,B021
1320,0.6043587692307693,-0.553248,0.008567287860576919,0.2187715134682336,0.2188324342801275,0.002742999235805669,-0.4627084176488578,2.761742203430088,25.542789951893997,B021
1321,0.4643778461538461,-0.4059655384615384,0.009590807091346168,0.1481157391990684,0.14835373835938878,-0.005983174197657655,-0.11917116825653284,3.1302065676894837,15.468326799446222,B021
1322,0.4599969230769231,-0.5584633846153846,0.008978814302884611,0.17500598611404597,0.17515080647659814,-0.0971240162155736,-0.13650029636418504,2.6262906367969427,19.507119823196227,B021
1323,0.4950443076923077,-0.5359329230769231,0.009102068509615379,0.1947039925392368,0.19482163951794496,-0.01646715067144787,-0.2441689202045274,2.5410129435170328,21.404106035033287,B021
1324,0.5075612307692308,-0.5215384615384615,0.00795509134615385,0.18155500181473824,0.18164061356313374,-0.03416845510020515,-0.08297454746073908,2.7943157689941143,22.833253027440588,B021
1325,0.4391353846153846,-0.4193169230769231,0.011304753605769224,0.17461900792468704,0.17489945178951935,0.03923909569978189,-0.4288624572222881,2.5107876561205966,15.47131922453063,B021
1326,0.5726492307692308,-0.5640959999999999,0.008922789663461543,0.21523752811891175,0.2153173664296609,-0.046509075054721516,-0.5483831409840318,2.6595589583170094,24.131171365764303,B021
1327,0.5248763076923078,-0.4299563076923077,0.008484371394230764,0.1552907943356555,0.1554466639502783,0.061716141042033136,-0.032701762225830766,3.376568492072602,18.321529872676194,B021
1328,0.6258461538461538,-0.6934375384615384,0.010160221153846152,0.2345874637552413,0.2346929201370215,0.011078687660512902,0.08558640736172896,2.6666597078461685,23.09919406116257,B021
1329,1.341396923076923,-1.3111476923076923,0.00973647115384616,0.411257286442937,0.4111717232635997,0.028399157735618318,0.6829274413514841,3.26237639210652,42.23005612266167,B021
1330,0.8113052307692307,-0.7453827692307692,0.00884129927884615,0.275406850552072,0.2754142891717736,-0.0423520924456766,-0.12116497911463943,2.9457630292494605,31.150884104866208,B021
1331,1.4275550769230767,-1.36956,0.00982101742788461,0.3932467949154707,0.3931774097009992,0.010558002716173985,1.9863460959472599,3.63081662806796,40.03428489849319,B021
1332,1.1640738461538462,-1.1751304615384617,0.010758360576923084,0.33370397511788563,0.3337144542118852,-0.032686576118274566,1.9055357189041864,3.4882332229299884,31.019080632760147,B021
1333,0.5265452307692308,-0.4975476923076923,0.011186592548076923,0.1839940856560671,0.18424413975668805,-0.0028350746836289585,-0.27954779893394743,2.857866912155708,16.470085860806762,B021
1334,0.5415655384615384,-0.5067267692307692,0.011766804086538456,0.18260554402408627,0.1828952681739655,-0.020142965100116587,-0.4815613897324735,2.961069161977523,15.543325683751517,B021
1335,0.450192,-0.4047138461538461,0.009856058293269241,0.15480443289855936,0.15504241865888366,0.0755076278774964,-0.2963410912105053,2.9036698723753096,15.730671841172347,B021
1336,0.5784904615384615,-0.5453206153846154,0.01069194591346154,0.16568738275498915,0.1659512507223073,0.12577402493632456,0.41913548820388735,3.4859060056526614,15.521145735816786,B021
1337,0.5275883076923077,-0.4604141538461538,0.009477128004807685,0.1842425859074056,0.18439630332598345,0.06374677321741742,-0.4622482635556393,2.8611653171789198,19.456981401162924,B021
1338,0.5042233846153846,-0.3921969230769231,0.008798516826923083,0.16007220350217807,0.16023576898966962,0.04063244471059978,-0.4403703459055781,3.146759227322657,18.21167955255311,B021
1339,0.4796067692307692,-0.4791895384615384,0.009088418870192313,0.18230848801964425,0.18244595570889927,-0.027902540706159426,-0.3605576987714181,2.628760760233038,20.074554035716304,B021
1340,0.3081249230769231,-0.3404603076923077,0.008352968149038461,0.1415263317726198,0.14170361465213896,-0.007640736209341659,-0.96448457070683,2.174432344815786,16.964462466967618,B021
1341,0.5390621538461537,-0.4539470769230769,0.011194537860576932,0.18316782889844568,0.18342030178389127,-0.010874276928043995,-0.25994978091649923,2.9389448638094886,16.384803380747904,B021
1342,0.7115870769230769,-0.7030338461538461,0.011162960336538451,0.2108097080979949,0.2110022406480294,0.03635033948420418,0.5562830778180166,3.3724147892347163,18.90199680790585,B021
1343,0.5987261538461538,-0.5152800000000001,0.01089587560096154,0.15262897500311665,0.15294304332764572,0.013633312010925843,0.5695971604222079,3.914700144703666,14.0367831763928,B021
1344,0.4199427692307692,-0.4996338461538462,0.011052948317307671,0.1824395877961024,0.1826851574623238,-0.040779497789808834,-0.7075927178281476,2.2987240729580143,16.52818345094941,B021
1345,0.6410750769230771,-0.6252203076923077,0.01057398858173077,0.20781781410986447,0.20798528091317625,0.05698742568970198,0.03589713043767828,3.082309835140184,19.66952009694083,B021
1346,0.4771033846153847,-0.572232,0.01158772896634616,0.18188110924901044,0.18216121419265105,0.04020595967347277,-0.08690855936361698,2.6191271656259776,15.72018250700336,B021
1347,0.4320424615384615,-0.5117335384615385,0.01061371514423078,0.17434836866163803,0.1745861383055899,-0.11467097448880464,-0.1280279221902476,2.4746664639676514,16.44910721016367,B021
1348,0.4754344615384615,-0.4518609230769231,0.014882996394230756,0.15705258558198895,0.15767983638696467,0.032160582912235884,-0.08876965868410157,3.0151887041009475,10.594629751310542,B021
1349,0.5083956923076923,-0.5323864615384615,0.011081266225961542,0.1776004982704299,0.17785929487726454,-0.011595900757259673,-0.4410937734679199,2.858415089627569,16.05044868072659,B021
1350,0.6544264615384615,-0.5474067692307693,0.011961158653846143,0.19699843116231985,0.19726518290445386,0.10302385299074768,0.04969148272115653,3.3174960320059905,16.49214667351834,B021
1351,1.2854879999999995,-1.4761624615384614,0.022063929086538456,0.29288795972170545,0.29357520519818664,-0.5779190748338854,4.758009773589482,4.378734910981985,13.305663014358645,IR007
1352,1.5481347692307692,-1.0789587692307692,0.01994130829326923,0.26768470769703395,0.2682960730704592,0.5272347807321943,4.622602487630211,5.770247590706265,13.45428640512102,IR007
1353,1.3624670769230771,-1.3945938461538463,0.02655343810096155,0.2879731683153712,0.2890547453972936,-0.04543307990165936,4.782574699067592,4.7135260659721165,10.885774727108743,IR007
1354,1.326793846153846,-1.2204,0.015335675480769225,0.3060018687151897,0.3062366471807985,-0.2344359281741976,3.0338559562875664,4.332576973945652,19.968905025723586,IR007
1355,1.5725427692307692,-1.1569809230769228,0.020738895432692302,0.2727214828154399,0.2733760691368897,0.273736018007811,5.1372794574468745,5.752305877378527,13.181804692739133,IR007
1356,1.1630307692307689,-1.3989747692307692,0.021154903846153855,0.2658319255386809,0.2665429275528443,-0.523220644937292,4.696416766504175,4.363390092202647,12.599581141622824,IR007
1357,1.4327704615384615,-1.1578153846153847,0.02046916225961537,0.27887197665475794,0.2794863487043605,0.4677674639392416,4.932688050166917,5.126441660497845,13.654019893905142,IR007
1358,1.1720012307692311,-1.1613618461538462,0.024105263221153857,0.27298636673728305,0.2739157629307555,-0.05915087035999169,3.8276615916300862,4.278692172474597,11.36331764634611,IR007
1359,1.2713021538461535,-1.2848621538461538,0.017746364783653826,0.28313946084638,0.2835570467005776,-0.4623339619745853,4.111327763966624,4.4834087836603365,15.97831725862876,IR007
1360,1.5168424615384617,-1.0660246153846151,0.02336064483173076,0.25549516505008085,0.2564366418036084,0.4825170873573677,4.989039217433397,5.915076920638093,10.977292949349179,IR007
1361,1.2852793846153847,-1.5007790769230769,0.02020554086538458,0.3085560467488845,0.30906653400707884,-0.01906846405070851,4.063753743324476,4.158584780925995,15.296127733782209,IR007
1362,1.2479372307692311,-1.3249163076923076,0.02287475841346157,0.2729785582579285,0.2738024416378421,-0.4965332999761463,4.184723933960773,4.557801688342411,11.969632058571253,IR007
1363,1.4482080000000002,-1.1135889230769231,0.021116807091346185,0.2601157632175287,0.26084488760923524,0.4342456978888515,5.185425462102892,5.551989204287269,12.352477648769698,IR007
1364,1.141752,-1.313233846153846,0.02222568750000001,0.25709416233628835,0.2579279768500217,-0.4097326737408921,3.9036922180444655,4.426631084940037,11.604949311467712,IR007
1365,1.2656695384615384,-1.2283273846153846,0.022429006009615383,0.2863454344568954,0.2870830823378149,0.22402546673720947,3.620726419579574,4.4087221307321975,12.799634643405133,IR007
1366,1.3457778461538463,-1.218731076923077,0.022851533653846158,0.3146911337979188,0.3153664420943234,0.0869994499362525,3.5564030260170467,4.2673463835170375,13.800668562183962,IR007
1367,1.2062141538461535,-1.4338135384615385,0.020970735576923062,0.25431574941867385,0.2550551146479808,-0.6834578783273296,5.424793057319572,4.729229427572676,12.16243053146178,IR007
1368,1.5689963076923077,-1.080001846153846,0.02240231790865385,0.27643463737088564,0.27720632655093497,0.3465860245835854,4.6823117700080905,5.660030660966946,12.374001997527776,IR007
1369,1.3981403076923076,-1.3495329230769229,0.022698128004807697,0.2996730629669144,0.3003855031758025,0.1136327656904981,4.095476074456337,4.654486627718637,13.23393290901249,IR007
1370,1.1340332307692311,-1.2533612307692308,0.02364300901442308,0.2787828599534811,0.27964795110254703,-0.4676591383615574,3.876859644446092,4.055217377056271,11.827934038850627,IR007
1371,1.5473003076923078,-1.1500966153846153,0.02302897896634613,0.27081870994423035,0.2716642849652695,0.39149570233676223,5.0432755259967115,5.69563388831226,11.796627430259571,IR007
1372,1.2416787692307694,-1.4477907692307692,0.023590040264423087,0.2743624899144891,0.2752412675244079,-0.5391881546775554,4.956919442762733,4.511237651238688,11.667689602866352,IR007
1373,1.5066203076923077,-1.3146941538461536,0.02118179567307692,0.2986105331401178,0.2992153749400759,0.11776728964724685,4.645016029030794,5.035236935916277,14.12606275493409,IR007
1374,1.3019686153846153,-1.0512129230769232,0.02471379266826922,0.28946951945393423,0.2903817238177612,0.16842971807179385,3.162692925634607,4.483645176656191,11.749783924933181,IR007
1375,1.187856,-1.4797089230769231,0.023814953725961516,0.26298045641362194,0.2639286544950015,-0.897463432483036,6.731281433605482,4.500670843311167,11.082476058195471,IR007
1376,1.5260215384615383,-1.347446769230769,0.019726784855769213,0.2974790867393217,0.2979874718080647,0.1886414252965348,3.8760839811790686,5.1210929412645125,15.105729290747373,IR007
1377,1.2775606153846153,-1.0774984615384615,0.023266115985576902,0.2767896388884421,0.2776310491469204,0.11710008813614375,3.869596397202564,4.601648912505241,11.93284901180021,IR007
1378,1.114006153846154,-1.2821501538461542,0.023748946514423056,0.2732379733863289,0.2741351735746312,-0.52259856123216,4.180665359184892,4.0637111222171365,11.54304564238861,IR007
1379,1.4594732307692309,-1.1377883076923077,0.02402051322115381,0.2734209077393322,0.27434097582299377,0.26932757845357386,4.4585175953976535,5.319924325525803,11.421112167636522,IR007
1380,1.0624781538461538,-1.2890344615384617,0.02137064963942309,0.2514429656682559,0.2522271355096017,-0.6626455099747212,4.714821159015003,4.212386394110667,11.802502018671,IR007
1381,1.371646153846154,-1.168872,0.0223249020432692,0.31198417822133284,0.31262993435183695,0.05503870511467423,3.384002999825449,4.3874434375260085,14.003641930697414,IR007
1382,1.3270024615384617,-1.1642824615384617,0.025044643629807708,0.2669627420889806,0.26800511394787235,0.40429840403728695,4.763301734192599,4.951407239925158,10.701095128736318,IR007
1383,1.292998153846154,-1.4918086153846155,0.0218115126201923,0.2698675703557273,0.2706161969008005,-0.6420353915034737,5.651345986198523,4.777977699243653,12.407034835826742,IR007
1384,1.6067556923076922,-1.343065846153846,0.02436297656250002,0.30029186063832763,0.3011323537455494,0.08898149240791574,4.549257255700281,5.33571259388942,12.360244774403233,IR007
1385,1.4194190769230768,-1.0263876923076922,0.02325307752403848,0.2614292024217609,0.2623341192193965,0.4667457585253637,5.048166833852814,5.410729954405898,11.281694603572438,IR007
1386,1.2462683076923076,-1.3042633846153846,0.025545809495192303,0.2893670055710997,0.2903516515028104,-0.3637359567258799,3.4595780465320924,4.2922721508275785,11.365920956916803,IR007
1387,1.4471649230769232,-1.0274307692307691,0.02364850961538464,0.2606475791550877,0.2615914135500569,0.3571785616775591,4.412676726160125,5.532157586663297,11.061644805720755,IR007
1388,1.2992566153846152,-1.3507846153846153,0.023180551081730737,0.2789795370342735,0.27980513680248364,-0.0683626237358383,4.566960616578505,4.643433749044318,12.070685283362662,IR007
1389,1.402104,-1.2963360000000002,0.022583837740384586,0.3135590981345983,0.3142185907944109,-0.333266384243036,3.086973142427339,4.462193011734873,13.913427576240634,IR007
1390,1.3000910769230771,-1.1653255384615384,0.024062277043269187,0.2636455546025577,0.2646130982706983,0.29635674565732845,4.863894042110228,4.913177334831278,10.997009875452214,IR007
1391,1.2239464615384614,-1.5003618461538462,0.024192457932692292,0.2845421540790893,0.2854302819090161,-0.6128541231250612,5.082223935011911,4.28807501906405,11.798316760667053,IR007
1392,1.4744935384615383,-1.2894516923076922,0.021707816105769214,0.2809283959076341,0.2816290500802229,0.13097472214726116,4.7239338598677305,5.235587515000757,12.97362427929244,IR007
1393,1.390212923076923,-1.1530172307692306,0.020859093750000002,0.2798420056797978,0.2804820383085699,0.13241528742089728,4.270038096168999,4.956513192290382,13.446511227678327,IR007
1394,1.1010719999999998,-1.1323643076923076,0.02370310817307691,0.2668593367364494,0.26778013016426633,-0.45894763234208097,3.4626633573484007,4.1118510149523075,11.297258073032944,IR007
1395,1.5341575384615385,-1.203084923076923,0.02155868870192309,0.26793804693967754,0.2686735302485192,0.31512138469063483,5.952991225643173,5.710117915384013,12.462424499155777,IR007
1396,1.5562707692307691,-1.4371513846153845,0.02211465685096152,0.31839682026944977,0.3190087658399329,0.060544446015551014,4.365252698184052,4.878457697340047,14.425218893960038,IR007
1397,1.1142147692307691,-1.218313846153846,0.023076243389423053,0.2775505672076832,0.2783731336546875,-0.4474844248064476,3.023996795968644,4.002594483894826,12.06319109037822,IR007
1398,1.4680264615384615,-1.0710313846153845,0.022787971153846155,0.2703406990339565,0.2711678705126502,0.5547108159237463,5.2286499720654245,5.413718294734245,11.899605659579857,IR007
1399,1.1252713846153846,-1.2894516923076922,0.024067166466346133,0.26963619273512784,0.2705769858106887,-0.4574537468280769,4.233876303926615,4.158784536844126,11.24257756678772,IR007
1400,1.619689846153846,-1.3123993846153843,0.02565358052884613,0.2844984162028571,0.2855142950590219,0.056096785018734524,5.573884570852739,5.6728852957047975,11.129607999085188,IR007
1401,1.3480726153846154,-1.0601833846153843,0.01958071334134616,0.2983698533148977,0.2988662504299991,0.2946162683400718,3.4583671222397316,4.5106217695877415,15.263297369198515,IR007
1402,1.1457156923076923,-1.2915378461538465,0.023448043269230803,0.2611307108554759,0.2620543222738244,-0.6176028835638422,4.276963628852093,4.372054169404302,11.175956955764391,IR007
1403,1.4661489230769231,-1.092936,0.022516200721153876,0.27761571584966976,0.2783921709306166,-0.022285788319204296,4.5040200033266755,5.2664876249064125,12.364082838765436,IR007
1404,1.397723076923077,-1.3280455384615384,0.020854611778846198,0.2970294367138153,0.2976159310738765,0.1171547886115284,4.070086918529912,4.696398717231718,14.27098879758396,IR007
1405,1.0182516923076923,-1.2846535384615383,0.024744147836538454,0.2837840040560311,0.2847226509252809,-0.5606423253077774,3.4110740026283155,3.5762932418570017,11.506666255236526,IR007
1406,1.3505759999999998,-1.105452923076923,0.020113660456730784,0.2720033462148153,0.2726135138090877,0.19778083461521512,4.461872214065919,4.9541784672707525,13.553649988053815,IR007
1407,1.2854879999999995,-1.4567612307692306,0.022626212740384597,0.26834325681167404,0.2691648724587187,-0.5317723682402042,5.496346774189466,4.7758386458736455,11.896152287930072,IR007
1408,1.3745667692307693,-1.3643446153846153,0.023213554687500013,0.2919851113069841,0.29276426901548736,-0.1280212106677889,4.348773197638586,4.695131594621111,12.611781045887575,IR007
1409,1.2500233846153843,-1.0916843076923075,0.020462439302884584,0.2826574302527133,0.2832594422445628,0.22424806881340592,3.3858798912695383,4.412998114767624,13.842897127354302,IR007
1410,1.2892430769230772,-1.4062763076923075,0.023538090144230764,0.2612967414152573,0.2622276739652827,-0.9016725574080142,6.626887011668849,4.916502737593459,11.140567155553837,IR007
1411,1.4634369230769233,-1.4075280000000001,0.02313247175480768,0.3077882300168777,0.30850638974013866,-0.10195224050541564,4.374209506653297,4.743619489727934,13.336507789143678,IR007
1412,1.3900043076923077,-1.1386227692307689,0.02094038040865385,0.2732727692396573,0.2739408297405436,0.3387973829278574,4.643481073734038,5.074104174280324,13.081941416276011,IR007
1413,1.1469673846153845,-1.1876473846153843,0.024641062499999988,0.2822028717774147,0.2831393135298156,-0.3931564199729827,3.228741051223439,4.050894135174927,11.490548085327722,IR007
1414,1.3943852307692308,-1.1167181538461537,0.023585965745192297,0.2702833022317278,0.27117894527992137,0.3493753832272815,4.308633053722157,5.141937657917699,11.497470496208015,IR007
1415,1.1638652307692308,-1.4596818461538463,0.02240781850961541,0.2682220652368409,0.2690258903894682,-0.6038287298845941,5.39046206901652,4.326220160759641,12.005893847900753,IR007
1416,1.5894406153846157,-1.2642092307692308,0.024533087740384624,0.3150634647662936,0.31586376930714505,-0.04202045348732165,3.5097314667041033,5.032044728875023,12.875010787459605,IR007
1417,1.288825846153846,-0.9894627692307691,0.023565796874999986,0.266622539965159,0.26753224877785764,0.4927106017992271,4.077151291024083,4.817459771827386,11.352565338525512,IR007
1418,1.0962738461538462,-1.3130252307692305,0.021704760216346132,0.2751731348671768,0.2758938295938904,-0.4964048504110212,3.778312396073376,3.973535210147821,12.711212970973582,IR007
1419,1.4505027692307693,-1.3731064615384616,0.0231222854567308,0.2898599075716076,0.2906395646259719,-0.17233230318384024,4.8299096168612925,4.990727160968059,12.56967288851492,IR007
1420,1.4060676923076922,-0.8834861538461539,0.02070140985576924,0.26517702885731964,0.2658547239474619,0.4974006945600354,4.397098643343515,5.288857280510685,12.842348699906122,IR007
1421,1.2281187692307691,-1.3042633846153846,0.024446096754807682,0.28010730595502104,0.2810357509316853,-0.5324729885653906,3.8439489873566295,4.369973447005689,11.496140007562374,IR007
1422,1.4154553846153843,-1.0927273846153849,0.02523166406249996,0.2600487393831761,0.2611435301675192,0.4765830475264654,5.057866853176623,5.420219998203262,10.349833824699587,IR007
1423,1.0789587692307692,-1.3313833846153844,0.017859228966346157,0.29063642665066225,0.29104294318486684,-0.4897052017269387,4.049955032246617,3.7072150158453696,16.29650102662924,IR007
1424,1.5664929230769231,-1.3605895384615383,0.02710716526442309,0.30816119462952274,0.3092012009438975,-0.16123589427257834,3.9385124722596574,5.066257563990358,11.406622489947695,IR007
1425,1.442992615384615,-1.034315076923077,0.021295678485576914,0.26365916334207,0.26438943524062386,0.8645641473777695,5.8815567677555025,5.4578300909464526,12.415168430519314,IR007
1426,1.281732923076923,-1.2627489230769229,0.023934540865384626,0.28075904219444464,0.2816407709415258,-0.29153909295385144,3.622887037259788,4.55094949070082,11.767126535894795,IR007
1427,1.5243526153846154,-1.329505846153846,0.019764474158653855,0.28258477098328383,0.2831374306928665,-0.205154726183832,5.593562859285992,5.3837905205764125,14.325573674263177,IR007
1428,1.3528707692307689,-1.000936615384615,0.020469365985576915,0.2680783200050207,0.26872811347893594,0.4106569575965742,4.2325138671079925,5.034347734282787,13.128306644587164,IR007
1429,1.076038153846154,-1.1112941538461538,0.02240333653846151,0.2723976572381204,0.2731847941358361,-0.3793369465220117,3.2926270826843935,3.9388654747420313,12.19393341999925,IR007
1430,1.2973790769230769,-1.120681846153846,0.02265249338942308,0.2623907966890032,0.2632391125202748,0.3293156051671834,4.689229669804127,4.928519415302133,11.620756620248553,IR007
1431,1.610302153846154,-1.2627489230769229,0.021497163461538456,0.3088489947848175,0.3094457586785777,0.01008512941575911,4.0753837081784905,5.203826870087368,14.394725110232384,IR007
1432,1.1319470769230768,-1.265878153846154,0.01830538882211541,0.2684295888688969,0.268922229970133,-0.5122943607848353,3.5344493057305844,4.20919861124457,14.69087778377252,IR007
1433,1.2423046153846151,-1.0668590769230768,0.02354786899038463,0.2735428813298685,0.2744214606765258,0.4285290769618471,3.8171366948777967,4.526995127574885,11.653770487196994,IR007
1434,1.1609446153846157,-1.303428923076923,0.016833061298076938,0.2761892227389727,0.2765670733239482,-0.4841758492064298,4.3096582095862255,4.197696426518494,16.429992645220402,IR007
1435,1.4490424615384614,-1.3764443076923074,0.02101412920673077,0.27533092471394216,0.27599761111534704,-0.3135035577006656,5.864511581755181,5.250199288619446,13.133906639678687,IR007
1436,1.3261679999999998,-0.98988,0.02005111658653846,0.2838832135353447,0.2844521494824633,0.37433662459213135,3.097908337868427,4.662183085671353,14.186349585809767,IR007
1437,1.0122018461538462,-1.3518276923076924,0.01936415264423077,0.2672679539009014,0.267838331129157,-0.7997093645940534,4.805978120183792,3.779152303878948,13.83165770535046,IR007
1438,1.2977963076923076,-1.23396,0.020612585336538498,0.2836085446506256,0.2842184663843033,0.16292858513680097,4.5064601086487475,4.5661927748829125,13.788588949125607,IR007
1439,1.4075280000000001,-1.2940412307692306,0.017389029447115387,0.2864191524261337,0.2868068967229883,0.1875208560114563,3.6159194049662102,4.907580731433586,16.493554030444514,IR007
1440,1.114840615384615,-1.2971704615384614,0.018360802283653832,0.27473940147653797,0.2752183590328113,-0.522643437171271,3.7872724202212713,4.050749446012447,14.989451701564883,IR007
1441,1.2763089230769231,-1.1123372307692307,0.017522877403846157,0.2873317835704092,0.287725529833479,0.2805717557586401,3.675038204787482,4.435855670560712,16.419993315157534,IR007
1442,1.2452252307692306,-1.3712289230769228,0.017327911658653862,0.26777585271319804,0.2682054072381119,-0.3619165083629493,5.524423669452074,4.642804347578734,15.478230298119357,IR007
1443,1.3883353846153843,-1.3543310769230767,0.01999060997596153,0.2881161503027119,0.2886684520427298,-0.36446269690121297,4.341988404994529,4.809446182258523,14.440202294469756,IR007
1444,1.3879181538461536,-0.98988,0.01831964963942308,0.27867748698495176,0.27914317178898834,0.5619994214298181,3.7021340147861648,4.9720655710515365,15.237364102656446,IR007
1445,1.139665846153846,-1.1949489230769228,0.01965649939903846,0.25690516304005284,0.2575309445166214,-0.7074009249356735,5.242665165826919,4.425354973527425,13.101567033304978,IR007
1446,1.4148295384615384,-1.267547076923077,0.018782107572115386,0.31031983763509746,0.31073642816200664,0.09578785789525203,3.4817967418846534,4.553149905307843,16.544279014956633,IR007
1447,1.4413236923076924,-1.1177612307692308,0.020744599759615373,0.2699821393514969,0.2706464705111403,0.2368401379756593,4.4388822045394365,5.32548490133872,13.046598808718512,IR007
1448,1.072491692307692,-1.412952,0.019873874999999982,0.2744408136316434,0.2750257780538609,-0.4643743965849412,3.524433844584665,3.8996042476340373,13.838558311042071,IR007
1449,1.3699772307692308,-1.078750153846154,0.020887411658653817,0.2907250724328896,0.2913328193006949,0.3295982197653599,3.6677915988344982,4.702447304281326,13.947770267647948,IR007
1450,1.0989858461538462,-1.204128,0.0220747265625,0.2559108093038636,0.25673659742807825,-0.3202233957322036,5.25466465634708,4.280596756220991,11.630341001107395,IR007
1451,1.4703212307692308,-1.3664307692307691,0.018871543269230767,0.30177822823488804,0.30222061236514003,-0.2946830836097799,3.914581637995449,4.865059399035308,16.01462095884323,IR007
1452,1.4254689230769229,-1.034940923076923,0.020863575721153854,0.26822851505934714,0.26890809729992915,0.7294716624583849,4.922807975012547,5.300952025579999,12.888878727881709,IR007
1453,1.2118467692307693,-1.2514836923076922,0.02297967728365386,0.2920142252372933,0.2927748274202709,-0.2907060401720194,4.183002106393885,4.139176786162677,12.74059786855799,IR007
1454,1.4192104615384615,-1.3338867692307692,0.0188145,0.2836894249927187,0.2841743862768558,-0.3798120125457752,4.8448075200123695,4.994153344122299,15.104009475503249,IR007
1455,1.4709470769230768,-1.0122018461538462,0.022083690504807692,0.2658829556428599,0.26666908074665896,0.3466775941164597,4.129680677724915,5.516001603202383,12.075385710038107,IR007
1456,1.064772923076923,-1.2126812307692307,0.023664603966346117,0.27367506335193875,0.2745631278305421,-0.5891450294650711,3.370449324750377,3.8780623293820105,11.60227013395211,IR007
1457,1.2721366153846154,-1.0756209230769231,0.02062053064903847,0.2775938156523214,0.2782234362894355,0.2493176969353932,4.246223139914393,4.572356061554833,13.49254493130171,IR007
1458,1.3589206153846152,-1.3737323076923076,0.02408631670673076,0.300180347691757,0.3009989957850397,-0.2182191696891794,3.9369964024526087,4.514701492077722,12.496680146239527,IR007
1459,1.1461329230769228,-1.4112830769230769,0.019721487980769226,0.2687187709605505,0.2693105968830907,-0.7667896500574642,4.8872182345754345,4.2558032856555785,13.655693583856369,IR007
1460,1.3555827692307691,-1.055593846153846,0.022685293269230758,0.25488514124709605,0.2557686727784704,0.6496995047455253,5.573981221751187,5.300034419793403,11.274646959287177,IR007
1461,1.1229766153846152,-1.195992,0.021379002403846097,0.2953357921368893,0.2959647156761196,-0.3431321918456578,3.305805963233383,3.794292210877976,13.843710295054526,IR007
1462,1.255030153846154,-1.3970972307692306,0.020072915264423064,0.2762903683038848,0.2768839870969563,-0.4776690909466567,5.142366538763513,4.532693157898947,13.793910025002766,IR007
1463,1.3831200000000001,-1.0624781538461538,0.01997247836538463,0.2637599435023315,0.2643865898854629,0.2547585181844864,3.5071987562591875,5.2314302347906265,13.237545438711571,IR007
1464,1.085425846153846,-1.2955015384615385,0.01944584675480772,0.26849555250358365,0.2690680256266724,-0.4025050191405234,3.352563171808136,4.034020183653694,13.836786282404956,IR007
1465,1.2934153846153846,-1.027222153846154,0.019201783052884603,0.2686978830281007,0.26925221339372435,0.3071355730122096,4.3967906667324534,4.803731669696763,14.022250571843415,IR007
1466,1.5283163076923076,-1.3080184615384616,0.01809045793269232,0.31528906862598005,0.315653899267271,0.04224676043310692,4.064331822160917,4.841746961593048,17.448640628208448,IR007
1467,1.1440467692307692,-1.4192104615384615,0.016411959735576926,0.26025917465973875,0.2606492722303316,-0.5165434235869371,4.450809681911063,4.389219119782515,15.881666566931107,IR007
1468,1.367056615384615,-1.0501698461538462,0.019073435697115382,0.2860554944610385,0.28655127281609605,0.3584178397547596,3.5034348092719503,4.770722537540324,15.023579252658362,IR007
1469,1.1838923076923078,-1.3303403076923077,0.01571562439903847,0.2765879793015499,0.2768992293672144,-0.3310714985412146,5.2050328864464435,4.275534859370337,17.619359074537055,IR007
1470,1.4609335384615385,-1.3042633846153846,0.017071828125000018,0.2768563656304128,0.277247257028521,-0.24614331479659454,5.195050666618332,5.269424679326041,16.24004500270944,IR007
1471,1.5091236923076925,-1.1294436923076925,0.016828375600961527,0.28250089097143266,0.2828639449318408,0.2292853888361253,3.0777041728584456,5.335157482412022,16.808749200705908,IR007
1472,1.130904,-1.3019686153846153,0.019028819711538456,0.26836106628609346,0.2689041244196076,-0.7375924270960597,4.478904172706602,4.205603028368942,14.131413744834258,IR007
1473,1.367056615384615,-1.3726892307692309,0.01779831490384615,0.31261993772536145,0.3129737446287764,0.0593742082805689,4.210048875186383,4.367959417829457,17.584459333346437,IR007
1474,1.3981403076923076,-1.141126153846154,0.017123370793269258,0.27467387034801793,0.2750732037179317,0.05362668486696577,3.4036281374521935,5.082793557477894,16.064197116262623,IR007
1475,1.1448812307692309,-1.410031384615385,0.019353151442307683,0.2604137817817125,0.2610050886416563,-0.6943428081185287,5.156527246722948,4.386432604542364,13.486438599921064,IR007
1476,1.356625846153846,-1.2268670769230772,0.017799537259615354,0.2916051632348,0.2920057433595292,0.31398018851935083,3.6083547393021593,4.645887545038845,16.405243524057735,IR007
1477,1.1192215384615385,-1.1521827692307691,0.018372007211538446,0.2657330484839388,0.266237909902704,-0.11002451152153248,4.1751324802594665,4.203839862138925,14.491498225381415,IR007
1478,1.3048892307692308,-1.351201846153846,0.017115629206730775,0.2850942978703973,0.285468614130495,-0.29847812474352353,4.613828345616461,4.571042721259482,16.678826742649555,IR007
1479,1.4644799999999998,-1.069153846153846,0.01367143810096153,0.27261744087243983,0.272827049428434,0.3983001482750139,3.9950921264190224,5.367796203008645,19.955987615468608,IR007
1480,1.0766639999999998,-1.3593378461538461,0.017893251201923067,0.25671259835017063,0.2572103609794931,-0.599191168658486,4.751975882340068,4.185927798164555,14.374713576471196,IR007
1481,1.2575335384615385,-1.302385846153846,0.015882883413461526,0.3202733982865004,0.3205107559639535,-0.0059075059568310115,3.2022626911915517,3.9235299129960177,20.179632855096376,IR007
1482,1.4807519999999998,-1.129235076923077,0.02068266706730769,0.2623324159525146,0.2630187518198349,0.36741551105962783,5.3967634863778855,5.629834335972742,12.716868233864226,IR007
1483,1.0764553846153846,-1.3441089230769232,0.01889334194711538,0.2552300392165804,0.25580405721933863,-0.4708678169256666,4.146087146110413,4.208124751095641,13.539375825376124,IR007
1484,1.3839544615384616,-1.1108769230769229,0.017139872596153818,0.28845972096649525,0.28882785020362395,0.297818077925237,3.7938782788296894,4.791624009120907,16.85122503585218,IR007
1485,1.2128898461538462,-1.2329169230769228,0.01819619170673073,0.2627779530264589,0.26327916770792426,-0.2791128790047329,5.553741972248993,4.606858403242135,14.468915911153974,IR007
1486,1.266712615384615,-1.3996006153846152,0.0189359206730769,0.28696596015890546,0.28745019044156506,-0.3846136873294623,4.136606186030969,4.406720390196163,15.180153920388028,IR007
1487,1.406484923076923,-1.0893895384615384,0.020649867187500004,0.2586028909100514,0.2593001429621497,0.3743899254001643,4.513418029482055,5.424157916034119,12.556988411001113,IR007
1488,1.2671298461538458,-1.2262412307692308,0.018347560096153858,0.2990690353926794,0.2994855170252518,-0.11726728887701345,3.6754362750626113,4.2310221166621735,16.32290699448544,IR007
1489,1.2168535384615384,-1.3343040000000002,0.018699598557692324,0.27466018766170336,0.2751621767924235,-0.4215712528690832,4.4135643537287725,4.422313970061034,14.714870800220034,IR007
1490,1.4995273846153845,-1.1160923076923075,0.01963755288461537,0.2626155375911334,0.2632208266060896,0.3652414490021784,4.693741640036231,5.696841712526911,13.403952526707359,IR007
1491,1.1296523076923075,-1.337016,0.020199225360576882,0.26048737497369273,0.2611425240625919,-0.6187809803885322,4.6829924205549,4.325807570970506,12.928343508274706,IR007
1492,1.3203267692307692,-1.1215163076923076,0.01819211718750001,0.2801044537999093,0.2805580840618971,0.3137477929434063,4.0228110148557725,4.706072803589138,15.421958927060533,IR007
1493,1.373315076923077,-1.2763089230769231,0.019610661057692304,0.2978519061371839,0.2983516373916217,-0.031563715343435536,3.5964934821303096,4.603008345888309,15.213747079402655,IR007
1494,1.1010719999999998,-1.3476553846153845,0.0184691844951923,0.2544164364650687,0.25496200354635096,-0.6899282782760943,5.292054789582737,4.318572903745753,13.804724491908125,IR007
1495,1.4179587692307691,-1.0762467692307691,0.021102749999999997,0.2574164511300377,0.2581546923553206,0.4060463205543681,4.317029482992357,5.492670910971124,12.233225165218785,IR007
1496,1.2917464615384615,-1.3845803076923078,0.01877110637019232,0.3089219968341727,0.30934116840229803,-0.18391339439465865,3.5951953316130973,4.175798740950464,16.479644955478918,IR007
1497,1.2489803076923076,-1.3338867692307692,0.01831414903846155,0.283116455778162,0.28357020169787345,-0.33202063763777273,4.178188049435362,4.404483617157416,15.483667906291881,IR007
1498,1.3263766153846153,-1.1258972307692308,0.019993665865384584,0.2609798548112233,0.26161750160661995,0.21454435816603407,4.196683238706466,5.0699078128917225,13.085019193981994,IR007
1499,1.1219335384615383,-1.283819076923077,0.018316797475961526,0.25255443230618146,0.2530947599959977,-0.503463024398233,4.017499177061868,4.4328596075212285,13.817631620819773,IR007
1500,1.4094055384615385,-1.158024,0.0236018563701923,0.2825004460282942,0.2833471609054678,0.2983798431434597,4.605973559372512,4.974129735260535,12.005291298328464,IR007
1501,1.357043076923077,-1.1964092307692311,0.017925032451923083,0.30622717077903977,0.3066020379662449,0.0073513169487603655,3.6194135389845763,4.4260732444070685,17.10468523773028,IR007
1502,1.225824,-1.3758184615384614,0.022089394831730783,0.25005148876535666,0.25090362312642184,-0.5778243268155853,5.1818748613585885,4.885636902032094,11.358555770210867,IR007
1503,1.5087064615384609,-1.3111476923076923,0.02196308473557692,0.3036404389915153,0.30428581407150274,0.15040148090821726,3.866213131155754,4.958188623226245,13.854420621462396,IR007
1504,1.2504406153846157,-1.0426596923076925,0.020736246995192296,0.26870718347194394,0.26937526075928897,0.0638945490869482,3.79220293586713,4.642002431329418,12.99055035473602,IR007
1505,1.1849353846153845,-1.2971704615384614,0.021546261418269232,0.27759341973407725,0.2782931835375412,-0.3765694640211315,4.185831553000114,4.257867079434014,12.916077556804098,IR007
1506,1.446121846153846,-1.0816707692307692,0.01963714543269231,0.2617151661922298,0.2623233809920352,0.3111461044658679,4.250434135102504,5.512744768251345,13.35852921653847,IR007
1507,1.2249895384615384,-1.3758184615384614,0.020678592548076902,0.2627802119672755,0.26346462569295626,-0.419756802115883,4.591245476231041,4.649540845339711,12.740936070983146,IR007
1508,1.3461950769230768,-1.307184,0.02329321153846151,0.31800983969669105,0.3187068744629961,-0.07212064672205823,3.52554396241516,4.223928583879288,13.682392998352785,IR007
1509,1.4267206153846157,-1.0839655384615383,0.02220938942307693,0.2658341395427826,0.2666308969560227,0.3057986288149879,4.22527775533601,5.3509200609257785,12.005323148549804,IR007
1510,1.1644910769230767,-1.4231741538461538,0.02014564543269231,0.2533468781045521,0.2540232417754181,-0.6694645911192436,5.944829152251074,4.584191071589436,12.609337468194973,IR007
1511,1.4152467692307693,-1.3011341538461538,0.02214745673076922,0.29802271890928433,0.298699372188584,0.17273621589314614,3.43125556661552,4.738030612053824,13.486847533766902,IR007
1512,1.241052923076923,-1.0925187692307692,0.02006252524038462,0.2643439613370571,0.26497546083323964,-0.1341126429960963,4.4077882617030735,4.683652286797873,13.207482989223134,IR007
1513,1.1901507692307691,-1.3186578461538458,0.021381243389423085,0.2811928687971037,0.28186764764959044,-0.3683165870884489,3.8274727037229272,4.2223745050383705,13.182939949555285,IR007
1514,1.4824209230769232,-1.1256886153846153,0.019645905649038453,0.2592988548713145,0.2599157511416421,0.5147768029270784,5.073893469341224,5.7034670525568565,13.230021348207146,IR007
1515,1.2402184615384615,-1.3987661538461538,0.018614237379807733,0.25969128301321426,0.26023103842269396,-0.6238590285339142,5.143486509577507,4.76583603960405,13.98021488137818,IR007
1516,1.4744935384615383,-1.1820147692307692,0.02545718870192308,0.3285980552005885,0.3294226834324168,-0.0440299373838213,3.199709473576545,4.475992737045505,12.940261679701171,IR007
1517,1.4142036923076922,-1.1413347692307692,0.019941919471153858,0.2639792483603948,0.26460285697013275,0.6093839068786493,5.180228133294797,5.3446274484758165,13.268675432817929,IR007
1518,1.0916843076923075,-1.3397279999999998,0.020600361778846176,0.2673994040575375,0.2680615406822156,-0.5068711921811728,4.208858682191615,4.072513740367138,13.012467623625865,IR007
1519,1.499736,-1.1724184615384616,0.019728007211538463,0.2844346803496179,0.28497942861345765,0.1827196364931752,4.5052641333400425,5.262611435838838,14.445423988226226,IR007
1520,1.3493243076923076,-1.1778424615384615,0.019554840144230742,0.27333540003173984,0.2739008424791966,0.08918833542729658,4.946408360837208,4.926324050262066,14.006805499762955,IR007
1521,1.2708849230769228,-1.418584615384615,0.02069896514423075,0.29404731424338204,0.2946316901567557,-0.3516356170314235,4.032112956211463,4.313469886422475,14.234126590568993,IR007
1522,1.434648,-1.1029495384615384,0.024175548677884587,0.2545238053636476,0.2555456135798657,0.4198837307034646,4.990322081436767,5.6140584058651015,10.570416290639756,IR007
1523,1.2865310769230769,-1.4131606153846152,0.017755532451923083,0.310304403555049,0.31066066655553004,-0.15040314330682972,4.102761113731922,4.141274436791669,17.496555926819454,IR007
1524,1.111502769230769,-1.3432744615384615,0.02264169591346153,0.2821215297662175,0.282891280962278,-0.5511712460032571,3.870339508683759,3.9290810429006537,12.49426200420288,IR007
1525,1.2765175384615384,-1.0530904615384615,0.021345387620192315,0.2525725003973576,0.25334994731993754,0.4662283629029405,4.67285087581898,5.038554584144103,11.869072224309175,IR007
1526,1.2646264615384617,-1.4488338461538461,0.021312995192307685,0.2723018297229228,0.2730020509053231,-0.4620150417999775,4.865332482933328,4.6322965609406115,12.80918277520446,IR007
1527,1.4527975384615386,-1.225824,0.022248504807692342,0.2851454898155061,0.2858733006648703,0.17502458606663976,4.247549061697301,5.081963006278278,12.849101687320154,IR007
1528,1.3165716923076922,-1.2420959999999999,0.021211743389423082,0.3047409757749393,0.3053298378529973,0.036317175801074734,3.796077894330242,4.31196538656521,14.394377314843695,IR007
1529,1.1843095384615383,-1.3662221538461539,0.02268957151442309,0.25154122070203633,0.25244011634973745,-0.6771492793024056,5.136137765279498,4.691447443403819,11.125821225370816,IR007
1530,1.413995076923077,-1.081044923076923,0.021514276442307717,0.2608834454977079,0.2616420669803332,0.3895705372074045,5.016211762906117,5.404310909336161,12.161323095477913,IR007
1531,1.5124615384615383,-1.3989747692307692,0.02222120552884614,0.31440836456250604,0.3150394672427447,0.10987217239338497,4.171316346868975,4.8008636876476,14.177424660141892,IR007
1532,1.0226326153846157,-1.1849353846153845,0.02219023918269229,0.2756190503794843,0.2763767034972511,-0.5455594020068759,3.5803131652426554,3.7001404331273067,12.45487717468212,IR007
1533,1.4012695384615383,-1.0893895384615384,0.021840849158653853,0.2681499709552474,0.2689074384762998,0.530922553834984,4.4128254522392485,5.210973509700958,12.31213294514936,IR007
1534,1.1290264615384615,-1.3401452307692308,0.02283992127403844,0.26191144061961713,0.2627779954349945,-0.4457684736544165,4.056423378550922,4.2965030601953815,11.505205831584348,IR007
1535,1.4951464615384615,-1.2243636923076924,0.018722619591346176,0.29615533589248044,0.29660220352320976,0.1843583008728094,4.499730284627626,5.040914881205404,15.841917957907071,IR007
1536,1.2648350769230772,-1.1169267692307692,0.02415762079326924,0.2959971058011681,0.2968371884691336,0.17972598491278832,3.3421960347422437,4.261039809217166,12.287517508836714,IR007
1537,1.0662332307692308,-1.24752,0.02159046995192311,0.2536704425946072,0.2544641454467509,-0.5516695031787555,4.416899373323063,4.1901118481634985,11.785947504310125,IR007
1538,1.5124615384615383,-1.4636455384615383,0.02395185757211541,0.3022308103080805,0.30303127162116666,0.06093534800644353,5.176043160697901,4.991107123598572,12.651681428414705,IR007
1539,1.4500855384615383,-1.0441200000000002,0.020013427283653858,0.2759381466077806,0.27652855320759057,0.2186818902006848,4.0324597000593885,5.243890808530561,13.817151319876515,IR007
1540,0.9984332307692309,-1.3165716923076922,0.021776675480769208,0.2788616153739529,0.2795748252481094,-0.5210911324713867,3.4214260010666324,3.5712558521074587,12.8382693444185,IR007
1541,1.494937846153846,-1.0877206153846153,0.02371370192307693,0.2665741385146012,0.267497130307297,0.5000423111317954,4.5216526344816605,5.588612649550604,11.280277165286572,IR007
1542,1.1811803076923078,-1.5199716923076922,0.01872771274038462,0.2690839984410193,0.2696038135181821,-0.6270043714071761,5.559029378562563,4.3811706232139365,14.395981893549974,IR007
1543,1.3866664615384614,-1.2506492307692307,0.025831433293269236,0.3159999122302724,0.3169001292279555,-0.1578660111459901,3.1989850211413966,4.37572071970028,12.268004087505613,IR007
1544,1.3380590769230771,-1.1154664615384615,0.018770291466346168,0.27499754007215066,0.27550339320895395,0.3980864096868401,4.318460302174387,4.8567789359611755,14.677630003930016,IR007
1545,1.3678910769230772,-1.4830467692307692,0.025065627403846182,0.2622644100320641,0.26333198802750857,-0.4547578134065614,5.6578225939077305,5.194549614611129,10.50570104569183,IR007
1546,1.4035643076923077,-1.3854147692307692,0.017385973557692305,0.29891899675868994,0.299278432791151,-0.08957184292520172,4.319215695852167,4.689827778775404,17.213786262704705,IR007
1547,1.4091969230769232,-1.0822966153846152,0.021999347956730825,0.2628900707840362,0.2636809989960207,0.12218742853495335,4.881716929071452,5.344324879086908,11.98585519510118,IR007
1548,1.2293704615384615,-1.3726892307692309,0.02155155829326923,0.2851068780062644,0.2857814212969228,-0.4549795011164643,3.874439102567637,4.301785805247162,13.260359989197404,IR007
1549,1.3405624615384617,-1.1029495384615384,0.02217577463942309,0.2587886202629596,0.2596110803763771,0.5117162202895453,3.964077429680764,5.163733611042144,11.706967833035796,IR007
1550,1.3551655384615384,-1.388544,0.02662759435096153,0.2821813725929957,0.28329771572391466,-0.04962171397616137,4.9557998140955934,4.7835385294182995,10.639253099245321,IR007
1551,1.4517544615384614,-1.2758916923076922,0.017123167067307734,0.30776424919033085,0.3080901443890631,-0.20252769747060675,3.517828360279748,4.712109387391352,17.992591158984933,IR007
1552,1.2867396923076924,-1.1509310769230772,0.02333477163461542,0.2656373013478016,0.26653100773296395,0.5787886395424057,5.253198341507524,4.8277298136990865,11.422053401953368,IR007
1553,1.1667858461538458,-1.2861138461538462,0.02018720552884616,0.27367718463376395,0.2742874056619638,-0.39924244618075305,4.177818157009325,4.253880499317608,13.587190424649188,IR007
1554,1.4584301538461537,-1.5114184615384616,0.023659307091346168,0.282590174880885,0.28344132408242834,-0.16796731959610944,6.016969632652294,5.145439390559803,11.980119408742206,IR007
1555,1.341396923076923,-1.0737433846153843,0.021554817908653837,0.2753688876003683,0.2760771334761352,0.21619235143468835,3.9449047684262855,4.8587759014560925,12.808140372426696,IR007
1556,1.023049846153846,-1.2395926153846153,0.019925010216346163,0.2790546811716241,0.2796291735754146,-0.4809221089166412,3.05517785005655,3.658594820679304,14.034079307322573,IR007
1557,1.382076923076923,-1.014496615384615,0.0235937073317308,0.2602014047669847,0.26114232925340936,0.5500138437993018,4.720673438395626,5.292427799921216,11.068304170332878,IR007
1558,1.463019692307692,-1.4732418461538461,0.01975612139423081,0.3121436332747926,0.31261606177523565,-0.13034522962781378,3.958003391129824,4.67992490212986,15.82375687702172,IR007
1559,1.0151224615384615,-1.2919550769230772,0.02358413221153844,0.27354401950405544,0.2744257081800528,-0.425787067557696,3.244244461357076,3.699079318299261,11.636031621540484,IR007
1560,1.2160190769230772,-0.9554584615384616,0.020054172475961515,0.2567371641483746,0.2573941960804403,0.4703251040202988,4.382981742117572,4.7243453638055195,12.834944767178644,IR007
1561,1.4137864615384617,-1.5266473846153843,0.02177687920673079,0.29003696955268704,0.2907121021352921,-0.3970489639634233,5.193560176315048,4.863184061324394,13.349575913771837,IR007
1562,1.4623938461538462,-1.3059323076923075,0.023703311899038442,0.27283236913761355,0.27372733837072577,-0.008647332368445504,5.165798029401229,5.3425202424364215,11.548062968442395,IR007
1563,1.3374332307692305,-1.0628953846153846,0.01995943990384617,0.2944775670910968,0.2950097153556365,0.21275474578918047,3.2800128493316567,4.533522664353423,14.780460612964813,IR007
1564,1.2708849230769228,-1.3171975384615384,0.02148656971153852,0.27594005828429674,0.27664097694978645,-0.5622617692229465,4.47315012946086,4.593986534784408,12.875064780639567,IR007
1565,1.4252603076923078,-1.205796923076923,0.01920993209134615,0.2721742677203206,0.2727187395296903,0.18630909233917198,4.006896171106104,5.22611797836189,14.19675708549469,IR007
1566,1.4790830769230767,-1.4974412307692306,0.02122661538461533,0.30454672019865986,0.3051371807522511,0.022218985092401503,4.609008514214604,4.847272539114082,14.375215983486893,IR007
1567,1.1425864615384616,-1.3318006153846154,0.01941121334134614,0.2843262160788205,0.2848495140880169,-0.458743618847663,3.5048171444477147,4.011193296911888,14.674482685803245,IR007
1568,1.2481458461538462,-1.099403076923077,0.021489421875000005,0.27532372782117115,0.2760270346093197,0.3555159616269956,3.551458976732648,4.521824639098972,12.844786435620186,IR007
1569,1.0553852307692309,-1.3361815384615383,0.016455964543269218,0.26395014542282313,0.26433395779130997,-0.3199876477984219,4.270418625530547,3.992620696893022,16.063109342285706,IR007
1570,1.5700393846153844,-1.3791563076923077,0.01839889903846154,0.2896090255282608,0.2900517187470405,-0.1019390835862892,5.411116642926206,5.4129635618006615,15.764623640833554,IR007
1571,1.2973790769230769,-1.0653987692307691,0.021388781249999992,0.2890165368205303,0.28966612799566943,0.30499048385678484,3.338984082624028,4.4788774093133625,13.542900112444205,IR007
1572,1.0107415384615386,-1.2848621538461538,0.019502890024038436,0.25923208515084073,0.2598384314277422,-0.569127644170276,4.244537966235407,3.8898846983788578,13.323073201329464,IR007
1573,1.461350769230769,-1.4578043076923075,0.02015583173076922,0.3010803862064358,0.30160757899513313,0.09697930373338932,5.083203026412251,4.8452057275866744,14.96378730601869,IR007
1574,1.4436184615384615,-0.9819526153846152,0.016967316706730778,0.26788435562502183,0.26829058447773,0.3805251129522766,4.049115048750582,5.380801806178523,15.812198776916896,IR007
1575,1.0733261538461538,-1.2304135384615384,0.02203601862980767,0.2705518917396687,0.2713161062314793,-0.4576976411329167,3.757373039451995,3.9559986642680984,12.312392305952928,IR007
1576,1.3002996923076922,-1.0681107692307692,0.018733213341346158,0.2804378543861506,0.2809261848172215,0.4109563580372356,3.940728144342199,4.62861691997029,14.99615574212183,IR007
1577,1.2527353846153846,-1.4496683076923078,0.019990813701923047,0.2639106845149209,0.26453821194509103,-0.5618368858269976,6.3647374719516,4.735555500297285,13.232988706189747,IR007
1578,1.3875009230769229,-1.4471649230769232,0.01817724519230769,0.3029874233408839,0.3033844774566421,-0.2702675609951819,3.7862902270674175,4.5734077587249535,16.690344122388215,IR007
1579,1.3019686153846153,-1.000102153846154,0.01812264663461537,0.2602003107759621,0.2607038831019789,0.5446078502833263,4.034553843393454,4.99405148819869,14.385530345441847,IR007
1580,1.198704,-1.4302670769230768,0.020986829927884608,0.2734227544817223,0.2740938559758101,-0.5451188245182017,5.736331411299076,4.373334074682034,13.060279085391038,IR007
1581,1.345152,-1.516633846153846,0.016939406250000004,0.2961492701699641,0.29648892877766697,-0.2397961425353444,4.496603977576316,4.536938379269842,17.50291151897174,IR007
1582,1.436734153846154,-1.1459243076923076,0.0184905757211539,0.2701961559228861,0.2706964521019423,0.4029194439816192,4.482666679460798,5.307547042785363,14.639698416326521,IR007
1583,1.1461329230769228,-1.2043366153846151,0.015793447716346137,0.2769216881675579,0.2772366607543322,-0.4230538786911783,4.1506139645443865,4.1341319000106775,17.553903728531274,IR007
1584,1.1947403076923075,-1.0912670769230768,0.021058134014423083,0.269755352023917,0.2704446939812242,0.30104285401997705,3.8093275711374104,4.417688105114952,12.842766305694127,IR007
1585,1.199329846153846,-1.372272,0.01766548557692309,0.2825828298795895,0.28299672016416866,-0.22412844651487449,4.811401217346711,4.237963766711166,16.019753260213527,IR007
1586,1.4932689230769232,-1.3363901538461538,0.019331149038461583,0.29198814857073346,0.2924850651961444,-0.22031724817956444,4.412631606982392,5.105453579571718,15.13024728194952,IR007
1587,1.3407710769230767,-1.0718658461538462,0.01863583233173074,0.2669167295949296,0.2674364598137851,0.4285737710494282,4.371551015027044,5.013419179481549,14.3506581865103,IR007
1588,1.103158153846154,-1.3094787692307692,0.01934418750000002,0.2893111692124733,0.289816167612453,-0.3548330671999317,3.5096400289163485,3.8064065332659958,14.982080152627384,IR007
1589,1.5992455384615385,-1.2466855384615383,0.018591827524038467,0.27965065430335184,0.28013170640293883,0.12956181029731456,4.855043335282934,5.7089058535958745,15.067464779389764,IR007
1590,1.4327704615384615,-1.048500923076923,0.018858504807692297,0.2710254488336952,0.2715487137180079,0.3707241462991255,3.9837467300369513,5.276292573517157,14.399270593671053,IR007
1591,1.015956923076923,-1.306140923076923,0.02123741286057694,0.2798762087295684,0.2805445153647336,-0.5035745579357708,3.3211719777234228,3.6213751024720113,13.209919551242,IR007
1592,1.2354203076923076,-1.0833396923076923,0.022763931490384637,0.2665045784474017,0.26734533259657306,0.2669727263877493,4.4711895006018825,4.621065554776564,11.744251326248207,IR007
1593,1.4231741538461538,-1.4031470769230772,0.021095619591346152,0.3139766102700515,0.3145315026357665,-0.09062053906768604,3.761761200857636,4.524742806110004,14.909801595246513,IR007
1594,1.0572627692307692,-1.2879913846153843,0.020797568509615373,0.2667238271131964,0.2674035612835425,-0.6611448776347304,4.013142528963439,3.953809605810358,12.857443463158369,IR007
1595,1.2940412307692306,-1.0497526153846155,0.021376557692307698,0.2666082883230342,0.2673341029104317,0.2511175501444833,4.2875252783810165,4.840539297759513,12.505947251115707,IR007
1596,1.0960652307692311,-1.2806898461538458,0.02029253185096156,0.28648871189510083,0.28706692035366005,-0.3682821488612949,3.8748598144462063,3.81815232984317,14.146431921951494,IR007
1597,1.3610067692307692,-1.4980670769230768,0.022267858774038488,0.2785223080642124,0.2792754502353865,-0.2588876376090618,5.864319644380182,4.873349118526705,12.54163918809232,IR007
1598,1.3801993846153846,-1.0873033846153846,0.018242030048076903,0.2843949876446489,0.2848408253491891,0.2401979430007265,2.9754099475055082,4.84551111282375,15.614535476506212,IR007
1599,1.0962738461538462,-1.318032,0.021488199519230755,0.26187996381852185,0.2626326035027113,-0.5906305546155389,4.805992064084314,4.1741727094539085,12.2221781898325,IR007
1600,1.182223384615385,-1.114632,0.01984229747596156,0.2675406926411025,0.2681451818990645,0.08937011500876015,4.187271391757867,4.408892884976014,13.51381724943473,IR007
1601,1.4475821538461535,-1.3215784615384614,0.01864724098557693,0.2941956027526105,0.2946425796842066,0.12076040254286337,4.088369569452963,4.913010724375445,15.800867265677724,IR007
1602,1.1135889230769231,-1.3589206153846152,0.020491775841346118,0.25501457136565386,0.2557124092646797,-0.5157926814059811,4.440922080697982,4.3548489738105856,12.478782280485936,IR007
1603,1.2652523076923077,-1.0697796923076923,0.01759295913461539,0.2848235329961999,0.28522751281876635,0.4131406335933632,3.2362450255464483,4.435940611718791,16.212594517858058,IR007
1604,1.1175526153846154,-1.4096141538461535,0.02013505168269236,0.2694180059087767,0.2700381406172921,-0.3412763885809958,4.698965140648482,4.138499149897687,13.411345790058782,IR007
1605,1.5043255384615384,-1.3595464615384616,0.018161762019230775,0.27954028289246946,0.2799934071735471,-0.1661622791675861,4.990533240851146,5.372717713775019,15.416643323322539,IR007
1606,1.4060676923076922,-1.0188775384615385,0.019199949519230763,0.2894659026153206,0.2899608942076773,0.5032617638946929,2.642271441170875,4.849163181641422,15.102169613375859,IR007
1607,1.0401563076923075,-1.363718769230769,0.018820815504807683,0.2590960718964884,0.25965253738700617,-0.7825935222982559,5.427938560991155,4.0059547199493695,13.796030109358403,IR007
1608,1.3224129230769228,-1.3776959999999998,0.01611859435096156,0.3190670867191969,0.3193183319701484,-0.06777197779000498,4.1835184550310345,4.14136236688268,19.810556988866672,IR007
1609,1.5068289230769232,-0.9850818461538462,0.019101346153846142,0.2605463292146972,0.2611186660176901,0.5125673636210728,4.127428164684604,5.77066720682021,13.670170882962227,IR007
1610,1.074995076923077,-1.3948024615384609,0.019812960937499985,0.2642424626917951,0.26485551709054483,-0.7016586287748423,4.657664061847629,4.058798127869746,13.36779080754421,IR007
1611,1.2539870769230768,-1.085425846153846,0.01777121935096154,0.2783393095263129,0.27877039021684624,0.17206281720570035,3.4526941174400787,4.498279304152933,15.686621424869365,IR007
1612,1.2022504615384615,-1.3547483076923077,0.019023522836538482,0.27136053152922746,0.2718943210352625,-0.3686240520122225,5.062774559517047,4.421756427132362,14.292532638225927,IR007
1613,1.2950843076923078,-1.4212966153846154,0.02049177584134617,0.28676880500476004,0.287360316445854,-0.2312091730653877,4.147235181078767,4.506830740271455,14.023202218816404,IR007
1614,1.3791563076923077,-1.0449544615384614,0.01779790745192307,0.26840846786619715,0.2688670982783359,0.3965589809895344,3.772717157131515,5.1295093989692315,15.10666908481338,IR007
1615,1.192654153846154,-1.2587852307692309,0.0194309747596154,0.28191121296324456,0.2824427083725181,-0.3793852108770478,4.57673207729909,4.222640976353845,14.535694264784718,IR007
1616,1.2277015384615384,-1.4192104615384615,0.01691108834134613,0.29848228501234325,0.2988154209319405,-0.3243936259868315,3.5318267675956463,4.1085615147725765,17.66979244034595,IR007
1617,1.5191372307692308,-1.151556923076923,0.014453338341346147,0.26993648414536026,0.2701914997672336,0.35268151978759515,4.4615193835621705,5.622446420697718,18.69405485335568,IR007
1618,1.1703323076923076,-1.3382676923076922,0.022067188701923087,0.2655661608313323,0.2663521619000865,-0.6393123654171721,4.279973329653443,4.393928321600484,12.070054119620357,IR007
1619,1.2416787692307694,-1.006777846153846,0.0161124825721154,0.28865562267897354,0.28896420434250875,0.18899891771882685,3.2921923695732187,4.296998557506486,17.934182584786548,IR007
1620,1.07124,-1.1594843076923078,0.01920178305288464,0.2708858151500243,0.2714335536006789,-0.1066661661381031,3.4721090355110595,3.9466012428808304,14.13585149114067,IR007
1621,1.5132959999999998,-1.4411150769230767,0.017119907451923076,0.2843765190582782,0.2847527369649088,-0.295296571775066,5.392405064579117,5.314421262916569,16.632843241972232,IR007
1622,1.3222043076923076,-1.061435076923077,0.017670578725961547,0.2586210082698391,0.259097970000167,0.5909980055683394,4.816099863192432,5.1031056232955265,14.66267596654892,IR007
1623,1.2975876923076923,-1.3013427692307693,0.019677483173076955,0.2918063063132508,0.2923268180521628,-0.2235623835617345,3.937414639806049,4.438825356338504,14.855904867555875,IR007
1624,1.3330523076923075,-1.3357643076923078,0.017741067908653832,0.2719017994598683,0.2723474549168276,-0.4368384376977375,5.0122121379361175,4.894675105737298,15.351243584608598,IR007
1625,1.4669833846153846,-1.0628953846153846,0.018604662259615403,0.2658078797308552,0.2663286775865406,0.3531561452330898,4.115134154074867,5.508169071048327,14.315157881938687,IR007
1626,1.009907076923077,-1.2544043076923077,0.018334114182692308,0.2676851338147241,0.2681818314114933,-0.6173782792028966,3.3528056084284015,3.76575501631762,14.627476884847873,IR007
1627,1.3328436923076925,-1.1615704615384614,0.018461239182692282,0.27055018230494965,0.2710474804537873,0.3229940980204778,4.952994655926454,4.917380859162564,14.681976533184118,IR007
1628,1.4154553846153843,-1.3194923076923075,0.017075087740384562,0.29921720422454223,0.29955811017444595,-0.08839449645550583,3.767736213494616,4.725144593117848,17.543576626312507,IR007
1629,1.1440467692307692,-1.266504,0.019052655649038464,0.24960201314816266,0.25020657000463165,-0.4927288449745288,4.699661354512362,4.5724089867408,13.132372442644705,IR007
1630,1.274222769230769,-0.9892541538461538,0.021515702524038432,0.26567434775495125,0.2664148192890662,0.393060800647042,3.834359302288553,4.782852442784754,12.382343499656313,IR007
1631,1.19328,-1.4052332307692308,0.020724227163461527,0.29176613933929085,0.2923590965776957,-0.20432270074850226,4.460034408327837,4.081555915202661,14.107116963721968,IR007
1632,1.3165716923076922,-1.3226215384615383,0.020741340144230774,0.28299920968987224,0.28362042309897123,-0.4259015994634423,4.800997159376995,4.642020055968486,13.674160933032116,IR007
1633,1.5049513846153844,-0.998641846153846,0.019003353966346143,0.2691733381415173,0.26971217490053834,0.3521429802814384,3.768629180698937,5.579842234301675,14.192872236037028,IR007
1634,1.1263144615384617,-1.3906301538461538,0.021429322716346167,0.2565462764846253,0.2573148546441519,-0.6274402163281524,4.604631739648173,4.377183987671735,12.007605562254822,IR007
1635,1.2642092307692308,-1.2948756923076925,0.022207352163461525,0.2985975055183287,0.2992767381874197,-0.08313436990261874,3.7642116853695846,4.224214813439759,13.47647103466164,IR007
1636,1.494937846153846,-1.2596196923076923,0.016415423076923074,0.2904039233390321,0.2907258966023029,0.2369391069275708,4.170659417830039,5.142086974793441,17.710533273492512,IR007
1637,1.068319384615385,-1.4361083076923076,0.02226969230769233,0.244598301400798,0.2454910225263825,-0.6358565360312634,5.168642601833924,4.35176559053427,11.02354801918775,IR007
1638,1.3445261538461537,-1.2060055384615385,0.020181704927884625,0.3008842347207078,0.3014136931568215,0.19833291588064292,3.188040020119552,4.460733484814225,14.934996534428796,IR007
1639,1.2558646153846154,-1.2174793846153846,0.02136637139423074,0.2676663683043031,0.26838748191637113,-0.13128826065908414,5.346855125185714,4.679296539530632,12.561210182316685,IR007
1640,1.3005083076923076,-1.337016,0.02320316466346153,0.27988725542167336,0.2807111713891246,-0.4377247027360535,4.6337563254772265,4.632905421101072,12.09796919776059,IR007
1641,1.5539759999999998,-1.1459243076923076,0.02050196213942307,0.2720364781679591,0.2726754600716145,0.3558989482853948,4.240806938931845,5.698994693515395,13.299968959911835,IR007
1642,1.0628953846153846,-1.2322910769230768,0.022637417668269242,0.2584230186427739,0.25928689130072186,-0.7449855084088389,4.25043122661929,4.0993024340078765,11.453907645312526,IR007
1643,1.3163630769230772,-1.205796923076923,0.018554545673076888,0.3090951754698246,0.30950088538009746,0.058544252584174526,3.234735721101389,4.253180327114264,16.680596271844642,IR007
1644,1.467192,-1.0161655384615385,0.026213623197115413,0.256599411059889,0.2578102242755311,0.4827189012829787,4.187803255455131,5.690976780005276,9.834971012473426,IR007
1645,1.2222775384615383,-1.4398633846153848,0.01819089483173077,0.26825079716544137,0.2687361659166991,-0.6665689562925716,5.211976689555005,4.548243569272366,14.773114154227136,IR007
1646,1.3816596923076925,-1.127148923076923,0.02154483533653844,0.2841306959574927,0.2848079952843192,0.2297800409599186,3.4123785944411296,4.851197000029455,13.219316408573615,IR007
1647,1.152808615384615,-1.3691427692307692,0.02139774519230771,0.2632342807280821,0.2639743961090948,-0.35108746802016616,4.919192162188973,4.367122843641945,12.336551993524585,IR007
1648,1.204128,-1.5742116923076923,0.018700413461538463,0.2897799819808393,0.2902415185436189,-0.6766672247939609,5.282974211203845,4.148710377626548,15.520593656421811,IR007
1649,1.3662221538461539,-1.0005193846153846,0.0218469609375,0.2517566079263927,0.25258025150136537,0.40646364503099697,4.089283831145671,5.409061657533304,11.561344949714035,IR007
1650,1.4494596923076923,-1.2356289230769228,0.022829123798076938,0.2912787006932623,0.2920301279044254,-0.09387889667063827,4.436779940430814,4.963390944314028,12.791998960951151,IR007
1651,1.0960652307692311,-1.3286713846153846,0.017793832932692308,0.28487008826331983,0.2852864151798933,-0.5241119147119597,3.5403042811381304,3.8419818555961873,16.032881519065036,IR007
1652,1.334095384615385,-1.0522559999999999,0.023953487379807643,0.2516370561630876,0.2526522124875584,0.3290536121332775,4.264146145093023,5.2803629601347,10.547617074770484,IR007
1653,1.0841741538461538,-1.3063495384615385,0.02245324939903848,0.2580734921487859,0.2589228356359621,-0.4392299240855661,3.802404531666113,4.187248108816755,11.531642081481982,IR007
1654,1.4432012307692306,-1.1617790769230771,0.02075213762019231,0.28379641224886243,0.28441589632655506,0.2747409857798885,4.084893284402823,5.074263602735496,13.70537828593676,IR007
1655,1.2627489230769229,-1.1911938461538465,0.022401706730769255,0.29108199568853416,0.2918009968794223,0.0665166177896826,4.36009510028383,4.327431833958794,13.025837735775148,IR007
1656,1.033272,-1.292998153846154,0.021197686298076925,0.2528309089450849,0.2535949233722255,-0.8413239010855589,4.503278681236825,4.074497968097602,11.963330327953381,IR007
1657,1.4872190769230769,-1.0860516923076924,0.02246954747596152,0.2604308410397664,0.26127163821531724,0.4819586896703977,5.069178340024667,5.692233137442347,11.627810417403026,IR007
1658,1.2690073846153846,-1.3165716923076922,0.02076049038461536,0.30320390161105404,0.3037660711430349,-0.2188614467408151,3.784823741850883,4.1775810571610705,14.631931400240042,IR007
1659,1.0507956923076922,-1.3835372307692306,0.01999244350961538,0.27356134779024344,0.2741576680591212,-0.6172255276864573,4.067369753865068,3.8328152546187098,13.713064534971169,IR007
1660,1.408153846153846,-1.0297255384615385,0.020362206129807717,0.25369500073073115,0.2543873427381466,0.35657321543837023,4.434861215914244,5.535471344591732,12.493113030898721,IR007
1661,1.1561464615384616,-1.4240086153846152,0.0196709639423077,0.26383951214398543,0.2644432930085273,-0.6004321021446267,4.888018672016325,4.372001454017518,13.443331693561332,IR007
1662,1.2137243076923077,-1.1732529230769229,0.021736541466346126,0.2782340155307032,0.2789463117885017,0.17026833265911803,3.798877360471273,4.351103622451043,12.833058663927002,IR007
1663,1.2604541538461538,-1.3439003076923075,0.02153464903846157,0.2996786759061922,0.30030542361420176,-0.20887484140274676,4.00047691240081,4.197240724714455,13.945220239152572,IR007
1664,1.3368073846153845,-1.5587741538461537,0.02053129867788464,0.25959204656896234,0.2602763074956866,-0.5778604175697911,6.777121069014458,5.136108612719345,12.677050369738382,IR007
1665,1.3272110769230772,-1.34244,0.01804808293269229,0.2836577646689987,0.2840930918710252,-0.08433759021228436,4.077028675156858,4.671747095932958,15.74090128743918,IR007
1666,1.3914646153846153,-1.0639384615384615,0.02471216286057693,0.2800556507424654,0.2810075898779412,0.1606569550700356,4.228466279345281,4.95169762492541,11.371226042145825,IR007
1667,1.244808,-1.3013427692307693,0.020710984975961525,0.2776942799565992,0.2783302916827309,-0.4690593986531629,4.319152112638443,4.472412946769582,13.438776185960188,IR007
1668,1.4586387692307692,-1.055593846153846,0.022041926682692326,0.26505994804020283,0.2658458434019497,0.4546449357527671,4.2246055813382615,5.486784185018677,12.060916780505226,IR007
1669,1.0708227692307692,-1.3015513846153846,0.023082966346153845,0.25373476754538066,0.2546591510271318,-0.6777958108626524,4.5273358478125045,4.204925544249074,11.032340783599675,IR007
1670,1.5619033846153847,-1.1859784615384614,0.018535802884615343,0.3093130111947942,0.3097171011036993,-0.016037747000332475,3.756603029906235,5.0430001412560985,16.70912789867675,IR007
1671,1.244808,-1.114006153846154,0.0241252283653846,0.2803468531298873,0.2812465686914593,0.3433720417799199,3.83822677682356,4.426037998584839,11.657778506047142,IR007
1672,1.0591403076923076,-1.2631661538461538,0.024517197115384654,0.23938466209491546,0.24052057598169854,-0.5345913314349052,4.377536625274551,4.4035330589466835,9.810280304463141,IR007
1673,1.5596086153846154,-1.3121907692307693,0.01897483233173077,0.304189783211578,0.3046327391357809,0.09710402928070036,4.081575587043095,5.119635597306783,16.054568167453958,IR007
1674,1.2652523076923077,-1.0622695384615384,0.020489127403846175,0.2700950923442462,0.27073958278904103,0.05657222377203276,4.010204183142965,4.6733185249760325,13.213817135922458,IR007
1675,1.1102510769230771,-1.3096873846153847,0.02003909675480768,0.27804672897677274,0.27863246555754223,-0.5976229236949049,3.9127492260429415,3.98464362256376,13.904442349213872,IR007
1676,1.3449433846153849,-1.0541335384615385,0.02020370733173076,0.2505851930706689,0.2512763569194918,0.331661333664719,4.755056332212251,5.352447007365284,12.437141005544655,IR007
1677,1.1774252307692308,-1.4738676923076923,0.021145939903846167,0.2621679060782353,0.26289168995499546,-0.7440356848137565,5.3608744481963155,4.47874647909485,12.43225371633535,IR007
1678,1.3551655384615384,-1.3509932307692307,0.021252896033653875,0.3329837087759052,0.33349896020274444,-0.2407628100689665,2.845675444437898,4.063477552186942,15.691930157407734,IR007
1679,1.2631661538461538,-1.1221421538461538,0.023565185697115347,0.25590677878649043,0.2568650307222404,0.18720416830249206,5.322590870926458,4.917626001073193,10.900191240745606,IR007
1680,1.2239464615384614,-1.4932689230769232,0.023404649639423097,0.2704278617006093,0.27130718529646297,-0.6564700678988092,5.144852968765324,4.511293942329724,11.592020793999396,IR007
1681,1.36956,-1.293624,0.023033053485576903,0.2861504700990217,0.2869366656785832,-0.03950058663941895,3.9804733317413614,4.7730393630981105,12.457604279791234,IR007
1682,1.3549569230769232,-1.2621230769230771,0.023205813100961547,0.27594445083527025,0.27678419215141936,-0.21694815546618956,5.3646431204297444,4.895355159357047,11.927364533499178,IR007
1683,1.1407089230769232,-1.274222769230769,0.02387158954326923,0.2808690492943185,0.2817449860067401,-0.4467327845914357,3.3022721722599906,4.048728388194402,11.802523057631085,IR007
1684,1.3040547692307691,-0.9869593846153846,0.02497313581730767,0.2461804505923753,0.2473242555381392,0.4585727103343625,4.4109096412369135,5.272652156147598,9.903612319552225,IR007
1685,1.4686523076923077,-1.3822855384615385,0.02200708954326921,0.3102216061725609,0.31085008452086393,-0.02201882745757054,4.442010955475479,4.724632164588437,14.124997488181544,IR007
1686,1.0130363076923077,-1.1928627692307692,0.024425316706730798,0.2778340730019814,0.27877048916112473,-0.525015809652964,3.2909728873272788,3.633943860918469,11.413178077003398,IR007
1687,1.1876473846153843,-1.0366098461538462,0.02291978185096156,0.251448497336551,0.2523686167763253,0.4652156917403826,4.735813861521377,4.706002670958085,11.010951954838854,IR007
1688,1.1774252307692308,-1.3184492307692306,0.02513774639423076,0.2778617448272825,0.278861359685354,-0.33476780387674776,3.766010874782229,4.222260237480546,11.093331729583923,IR007
1689,1.5291507692307689,-1.3365987692307693,0.02211323076923076,0.28071933435225976,0.2814522752847112,0.035789772205655435,5.285640337728559,5.4330730411893535,12.727777239874653,IR007
1690,1.2604541538461538,-1.0391132307692306,0.022590764423076927,0.2982125145603747,0.29892172903148323,0.01858171891338074,3.2304423288394792,4.216669554033656,13.232032499357507,IR007
1691,1.0870947692307693,-1.3194923076923075,0.024542051682692315,0.2652711608538991,0.2662750111468918,-0.6455855713288416,4.303686820676068,4.082601534963672,10.84974535094292,IR007
1692,1.6007058461538461,-1.1056615384615385,0.023971007812500014,0.25474086238581034,0.25574233948478514,0.5478841749229666,6.3962811927805925,6.259056867074122,10.668818828360846,IR007
1693,1.2938326153846156,-1.3501587692307693,0.02293485757211541,0.30893487091723043,0.3096345560474693,-0.18772483570371756,3.5048090007462047,4.17857952258488,13.500609501230487,IR007
1694,1.0303513846153844,-1.3284627692307691,0.02058834194711536,0.2856114020038016,0.28621336585387,-0.5071343002325291,3.2563233307160098,3.599941538514466,13.901720040839491,IR007
1695,1.3578775384615385,-1.1452984615384616,0.022249115985576925,0.2661242469230397,0.2669231644893524,0.3511828481454373,5.030344439846502,5.087147610658962,11.997023372181904,IR007
1696,1.2026676923076924,-1.388126769230769,0.020913081129807696,0.26415941223261624,0.2648573338831192,-0.4487880835911937,4.2449143296489344,4.540813254725379,12.664672997687292,IR007
1697,1.3958455384615385,-1.2662953846153846,0.02173511538461537,0.2795399626576113,0.28024755991738576,0.01417103398955038,4.502452925221004,4.98075893639545,12.893769136176365,IR007
1698,1.3042633846153846,-1.1893163076923077,0.020737876802884626,0.3006460713211091,0.3012139607406489,0.01869732020966216,3.2037601428203013,4.330023022201089,14.524821591125965,IR007
1699,1.2433476923076925,-1.3313833846153844,0.01823021394230771,0.2543191820981041,0.25484784624055096,-0.7026000181708778,5.21777459417755,4.878784383110291,13.979421582602146,IR007
1700,1.3626756923076921,-1.4995273846153845,0.020644570312500027,0.3015715496110997,0.3021304088493815,-0.03692291297434069,4.871477679023759,4.5102235736456935,14.634860608672748,IR007
1701,1.4409064615384617,-1.1646996923076922,0.01737721334134616,0.28040241931876386,0.28080367086652497,0.15419065589902065,4.082741663594121,5.131366185819455,16.159303874022186,IR007
1702,1.1601101538461538,-1.2617058461538462,0.021698444711538426,0.27856748116924485,0.2792756397765462,-0.5294205474257184,3.9444091319510353,4.153996942856813,12.870767628245623,IR007
1703,1.23396,-1.063104,0.01831455649038461,0.2625457536101605,0.2630558514815726,0.2940422260085032,4.1858561062771615,4.690866951068148,14.363211668253093,IR007
1704,1.139665846153846,-1.339310769230769,0.02045490144230768,0.26243609881115776,0.2631042577578724,-0.5451087829338637,4.769377415914772,4.331613087016819,12.862650964119704,IR007
1705,1.6516080000000002,-1.3167803076923077,0.02244265564903844,0.3078628666352486,0.3085298353423526,-0.1032827955149913,4.529891577835032,5.353154900456656,13.747474459671247,IR007
1706,1.3073926153846154,-1.1317384615384616,0.01990402644230773,0.276093623973496,0.2766756555331551,0.3936993575239551,4.237714347015022,4.725361950856372,13.900486734938063,IR007
1707,1.1108769230769229,-1.2767261538461538,0.02027073317307693,0.24260708510464335,0.24333438239922545,-0.8587043952468141,5.4494047156738565,4.56522794733696,12.004222063482931,IR007
1708,1.5064116923076922,-1.4759538461538462,0.019070583533653814,0.3046321511676368,0.305080004181413,-0.027522247424153292,4.660571481056986,4.937759511147504,15.997413170029066,IR007
1709,1.2909119999999998,-1.048500923076923,0.02032227584134616,0.2659030353588115,0.2665490045359962,0.24239151924879085,4.3898955963708435,4.843056916484069,13.11610011678396,IR007
1710,0.9894627692307691,-1.3382676923076922,0.019980016225961548,0.2747337557883919,0.27532549466397105,-0.4879578209351573,3.6011882408457163,3.593792759505935,13.78004359707275,IR007
1711,1.3543310769230767,-1.0900153846153846,0.01842579086538461,0.2656182754219279,0.2661271848692515,0.440223019099647,4.537639837912792,5.089036948962806,14.443189267344186,IR007
1712,1.204128,-1.2886172307692303,0.01389105468749998,0.26294211909640725,0.2631805488105051,-0.31645843334836843,4.156234352752692,4.5752925337464605,18.9460451154462,IR007
1713,1.4160812307692308,-1.2249895384615384,0.02121337319711538,0.3095043727252311,0.3100796931905185,-0.1613655870292262,2.995084654156805,4.566829953289346,14.617179941598515,IR007
1714,1.216644923076923,-1.0741606153846155,0.018260976562499986,0.2625714728032307,0.26307777117527154,0.41546430832609976,4.662098157829727,4.624658775394414,14.406555436663648,IR007
1715,1.402104,-1.4488338461538461,0.017857395432692342,0.2924066231961028,0.2928088492034153,-0.4014829740765979,4.5266578995081135,4.788461837182911,16.397063631539286,IR007
1716,1.4966067692307692,-1.3793649230769232,0.018786589543269224,0.28137885921451433,0.2818681960406385,-0.09050152985453358,5.099573170899879,5.309597855499082,15.003691616907926,IR007
1717,1.2706763076923078,-1.1104596923076924,0.015077350961538463,0.2721634534203951,0.27244804097114056,0.10896184953247394,4.113530033510725,4.6639216166245285,18.070020500692813,IR007
1718,1.1569809230769228,-1.343483076923077,0.02176648918269231,0.2906628064138784,0.2913351031557484,-0.5848203679698128,3.765689519055552,3.9713062742679455,13.38457023135382,IR007
1719,1.2904947692307691,-1.0167913846153849,0.021689888221153832,0.2553113393928339,0.2561067651210613,0.3850430462699232,4.443285528105114,5.038893715364192,11.807657213801782,IR007
1720,1.3843716923076923,-1.4853415384615385,0.01787002644230767,0.31508014846094845,0.3154328598431021,-0.18211779782179452,3.87097091695429,4.388799863769062,17.651504929858863,IR007
1721,1.0822966153846152,-1.3491156923076921,0.02013423677884617,0.2760904989615419,0.2766891969157909,-0.6557143155497333,4.1389828383564575,3.9115969378233713,13.742224249915026,IR007
1722,1.2815243076923075,-1.079376,0.022860497596153863,0.2679235958433201,0.2687667295668466,0.4035339300859203,4.684558999054258,4.768165724074757,11.756818872221967,IR007
1723,1.2541956923076922,-1.312608,0.017646335336538442,0.2853371899244364,0.28574323440998284,-0.4469208962554249,3.9211092777590153,4.3892402033504645,16.192780481640508,IR007
1724,1.5128787692307692,-1.477622769230769,0.021830662860576902,0.28601391430327233,0.2867065578899962,-0.09977371196314973,6.557077140200403,5.276749790324753,13.133204416240964,IR007
1725,1.4402806153846153,-1.115257846153846,0.01917937319711536,0.2869695214260061,0.28746988223273945,0.3945467192800528,3.5508106961642394,5.010196561108079,14.988492026213653,IR007
1726,1.081044923076923,-1.330966153846154,0.01965344350961536,0.26286529335005177,0.26347095023081546,-0.5792440971182575,4.155542462180017,4.103089627641554,13.405841582006405,IR007
1727,1.4238000000000002,-1.1167181538461537,0.025904367187500024,0.2648126092746928,0.26594787482463866,0.3196702684941544,5.289225699439214,5.3536806824977585,10.266526601467028,IR007
1728,1.4012695384615383,-1.5577310769230768,0.016019379807692306,0.319035310152217,0.31928161812995753,-0.1863726340808824,4.499284322680352,4.388819959848669,19.930959997380327,IR007
1729,0.9775716923076924,-1.1968264615384616,0.02323392728365389,0.2725642662548411,0.2734200880306349,-0.6414233974668515,3.2284507683743118,3.5753470030269394,11.768139096441011,IR007
1730,1.2291618461538458,-1.1002375384615384,0.02220429627403844,0.274548395346704,0.2753111730085417,0.12939318297378158,3.8113523701224032,4.46462754388726,12.399004661563591,IR007
1731,1.1999556923076924,-1.438611692307692,0.02063927343749999,0.2672538624739044,0.2679194953767582,-0.6159365238903363,5.733170147460872,4.478791999142395,12.981052660989935,IR007
1732,1.3601723076923078,-1.3922990769230772,0.02540910937500001,0.2765990010170729,0.2776290984902245,-0.10357593690724004,4.857971987616122,4.899242604932495,10.92636087289952,IR007
1733,1.3497415384615383,-1.1010719999999998,0.01925251081730768,0.2978756900581433,0.29835203297667645,0.21993801847807454,2.839099064435427,4.523989747933287,15.496785630083275,IR007
1734,1.0643556923076922,-1.4246344615384614,0.02254553725961537,0.26266636714820424,0.26350435499002234,-0.9798300790866858,5.6642059076609375,4.03923378172628,11.687650285541155,IR007
1735,1.3088529230769228,-1.436734153846154,0.021604323317307682,0.3031623534780077,0.30378348542957184,-0.12724015074951975,4.747872156421298,4.308505846610161,14.061235844688756,IR007
1736,1.382076923076923,-1.044745846153846,0.019943549278846142,0.26861570888771835,0.2692242205648591,0.2262757676457893,3.7548833958084327,5.133553438012332,13.499313326862119,IR007
1737,1.115257846153846,-1.3330523076923075,0.02096156790865384,0.2680140979734319,0.26870205811846604,-0.6762645373141518,4.85389901055648,4.15053704449911,12.818795773742394,IR007
1738,1.2460596923076923,-1.0330633846153845,0.02036200240384615,0.2813926431423467,0.28199132036432034,0.21971949482615008,3.484788803677657,4.418787396356165,13.848899276775224,IR007
1739,1.2172707692307692,-1.3662221538461539,0.01890923257211539,0.26347952044620937,0.26402882868874583,-0.4666784718853896,5.168890448036372,4.610370675339269,13.96295844803863,IR007
1740,1.5274818461538462,-1.2537784615384615,0.02067146213942306,0.29291869355336203,0.2935044803548256,0.0035674479599318975,4.308264724738283,5.204288003737563,14.198535080645113,IR007
1741,1.341396923076923,-1.0660246153846151,0.01904287680288464,0.2718434428057997,0.27237716809694923,0.457923664957178,3.7138606894194592,4.924777404982306,14.303362402454296,IR007
1742,1.0900153846153846,-1.291120615384615,0.018154835336538496,0.25981138910015145,0.2603183360262569,-0.5097752969642503,3.883048182267413,4.187240135498717,14.338788052918286,IR007
1743,1.5095409230769232,-1.5047427692307689,0.02195513942307693,0.31389351090569323,0.3145074633076772,-0.12514458377428184,4.66657218703263,4.799698255809483,14.325004148099378,IR007
1744,1.4254689230769229,-0.9892541538461538,0.020839128605769242,0.262244114498466,0.26294312072712794,0.35606351465859293,4.3202561384793645,5.421206377771026,12.617759873814158,IR007
1745,1.0357753846153843,-1.183057846153846,0.01961718028846154,0.27473162723041605,0.2752972798617422,-0.4815564349476104,3.0134720795112395,3.76238873531756,14.033478604652824,IR007
1746,1.3113563076923078,-1.109208,0.021034298076923075,0.27997991997161703,0.2806325814366066,0.3464203602947756,4.37010397642659,4.672858372250467,13.341666092698915,IR007
1747,1.1989126153846152,-1.406902153846154,0.022094487980769236,0.27424062261009885,0.2749957095214781,-0.4164714171323627,5.401129526194426,4.359750257452567,12.446349051439027,IR007
1748,1.4820036923076922,-1.4895138461538462,0.020547189302884645,0.3016580160880136,0.3022099946312429,-0.30660876290158895,4.7911621360149645,4.903887093860133,14.708094142531472,IR007
1749,1.330966153846154,-1.0583058461538462,0.020713225961538483,0.2624166306329888,0.2631050688204897,0.4237972966332907,4.354266785323361,5.0586868577368245,12.702273866419384,IR007
1750,1.1780510769230772,-1.3501587692307693,0.020987441105769226,0.3005335146868065,0.3011190173750977,-0.4475381867071597,4.1095547936287655,3.9122440262735156,14.347581291952894,IR007
1751,1.343483076923077,-1.476996923076923,0.021187907451923102,0.2874288797578537,0.2880687578993056,-0.3347142938335601,4.9768697112230775,4.663758356581979,13.595904104874652,IR007
1752,1.4179587692307691,-0.9377261538461541,0.02151570252403849,0.25756699826773244,0.2583387275549022,0.30615320975505816,4.06287048122633,5.488758045111235,12.006985468695357,IR007
1753,1.1313212307692306,-1.2028763076923077,0.018273811298076908,0.2767659562451297,0.2772336967603541,-0.4950443929528873,3.3468329363315608,4.08074936051935,15.171093333415868,IR007
1754,1.2381323076923076,-1.0017710769230768,0.02364076802884616,0.27361455830369,0.2745008235851333,0.19053399323063971,3.6689461870431055,4.51048667731343,11.611332730399912,IR007
1755,1.3432744615384615,-1.296961846153846,0.017077328725961537,0.3000700957740921,0.30040933046885665,-0.0628638655879401,3.9988341523275186,4.471480494437301,17.591119506422814,IR007
1756,1.1943230769230768,-1.3455692307692309,0.02325674459134616,0.2543541432985926,0.2552914543519682,-0.4726169336960335,5.2140349315738135,4.678272838997867,10.977093262096634,IR007
1757,1.2642092307692308,-1.0622695384615384,0.01658757151442309,0.2713094361199747,0.27168377583662257,0.4140167802104841,3.626792261460984,4.653237856681824,16.378755359118742,IR007
1758,1.1405003076923077,-1.288825846153846,0.02067859254807694,0.2772703779586765,0.27790536099356394,-0.2672403267543009,3.5941461493385534,4.103916180727153,13.439278342926125,IR007
1759,1.2946670769230768,-1.3163630769230772,0.02102574158653848,0.2641591296845497,0.2648659718215808,-0.19494126509495385,5.482300686098824,4.88800833122947,12.597223775981275,IR007
1760,1.4014781538461538,-1.068319384615385,0.021136975961538445,0.27318029192612303,0.27386377135195544,0.3298963447301333,3.51383212264496,5.117428080857937,12.956620277672984,IR007
1761,0.9327193846153846,-1.114006153846154,0.024149268028846173,0.2569080295458364,0.25791562180582905,-0.628399933324135,3.1862284096268843,3.61637413850635,10.680059598400671,IR007
1762,1.4131606153846152,-1.266504,0.019282662259615387,0.2928897415249638,0.29338106265670794,0.045106641976849673,4.857846646820216,4.8168092466083525,15.214759181420195,IR007
1763,1.4056504615384615,-1.2308307692307692,0.026325672475961542,0.2952105592540861,0.2962384320327851,0.1962256980529983,3.8217535869479375,4.744996967114977,11.252834369313296,IR007
1764,1.129235076923077,-1.2846535384615383,0.023030608774038477,0.2538896304218065,0.2548085638508574,-0.5211984733213272,4.274161890137589,4.431699860700256,11.063909180641954,IR007
1765,1.3276283076923077,-1.0727003076923076,0.023691088341346176,0.28778971731877284,0.2886231232975667,0.31956918918691274,3.5501109300675626,4.5998681343474335,12.182771814406502,IR007
1766,1.1736701538461538,-1.2130984615384617,0.020805106370192308,0.2639769706239164,0.26466704147826753,-0.12566571907777702,5.0741018248072285,4.434515711857258,12.72125394453444,IR007
1767,1.3069753846153844,-1.47804,0.018337781250000008,0.27659212634840225,0.2770645564098695,-0.3410928622856761,5.340762906655104,4.717223312685071,15.108946531351464,IR007
1768,1.442784,-1.0361926153846153,0.022747837139423046,0.26799556587685075,0.26882884726186346,0.3332928368865636,3.74347839679884,5.3669240287840045,11.817776152264194,IR007
1769,1.1982867692307693,-1.24752,0.02058773076923076,0.26312847811697365,0.26380454277950466,-0.7107244228974822,5.3144397797333145,4.5423280304628095,12.813677511936948,IR007
1770,1.1738787692307693,-1.364136,0.02302062620192308,0.3086876511854484,0.30939450621038844,-0.197182598875222,3.835903868117753,3.79411639724634,13.439882281939946,IR007
1771,1.4342307692307692,-1.0802104615384616,0.01938737740384616,0.2614726056679473,0.2620630236547644,0.22329454987108271,3.8732041375770727,5.472846757351737,13.517198236558551,IR007
1772,1.1640738461538462,-1.343065846153846,0.02363241526442308,0.2574154908097441,0.2583728241475721,-0.7005576253879422,5.726456218078837,4.505403577153975,10.932984261517019,IR007
1773,1.3731064615384616,-1.0462061538461538,0.02105202223557693,0.2916782227297482,0.29229487002422305,0.28464234652370884,3.4191716839623627,4.6976755405412005,13.88440819382465,IR007
1774,1.160736,-1.3616326153846154,0.021665033653846144,0.2708606755948049,0.2715938756035376,-0.33361646307073245,4.924394695608775,4.2737929838093915,12.53604679055378,IR007
1775,1.3703944615384611,-1.3768615384615384,0.02445648677884616,0.2867974454010581,0.28769874775336624,-0.2064135824564406,4.393722023376235,4.763296581023879,11.763698946416689,IR007
1776,1.3741495384615383,-0.9825784615384614,0.018565750600961526,0.2625312767109748,0.26305902579217383,0.43105957897850944,3.6192711456696407,5.223730812213859,14.169048774066262,IR007
1777,1.331592,-1.1069132307692306,0.027939793269230757,0.2647907713810914,0.26613213598579905,-0.027015966086254686,4.194278950845103,5.00349946490887,9.525200613380424,IR007
1778,1.244808,-1.298422153846154,0.015784280048076926,0.309531468274662,0.30978268053523506,-0.4036535874906102,3.376530950301234,4.0183266470845,19.626025361415035,IR007
1779,1.3785304615384617,-1.0487095384615384,0.02085787139423075,0.2563053409432333,0.2570278697604713,0.6229745506809354,4.945437891291757,5.363350141068897,12.322823595103994,IR007
1780,1.1033667692307692,-1.264417846153846,0.01914657331730772,0.2616466597443909,0.2622188234239731,-0.42878654500386015,3.526011194970727,4.207809168019839,13.695339582615444,IR007
1781,1.3954283076923075,-1.1409175384615384,0.022505403245192308,0.2837646576459269,0.2845175547598299,0.2477870362147621,3.9063802983489535,4.904542037380547,12.642188707310085,IR007
1782,1.1106683076923076,-1.2352116923076921,0.024488268028846145,0.2696572914077999,0.2706357686720872,-0.08980653387978113,4.391763133965202,4.103922822699894,11.051650053539506,IR007
1783,1.3259593846153848,-1.4200449230769232,0.016462076322115382,0.28751306614147826,0.2878437715630776,-0.4197217003340851,4.453359043729455,4.606524495614512,17.485265280685418,IR007
1784,1.3927163076923077,-1.0134535384615384,0.02394411598557691,0.2545366784178136,0.25553663322500797,0.4562095642738191,4.241216665045977,5.450163016219977,10.672209965025825,IR007
1785,1.1991212307692307,-1.1818061538461535,0.018978906850961548,0.30430623160236464,0.3047491584577312,-0.3440038414455091,3.4035181263427585,3.9347811060011484,16.05725560754788,IR007
1786,1.1594843076923078,-1.2934153846153846,0.022549000600961537,0.2819561239330621,0.2827190783435801,-0.4446523955545618,3.751981936583189,4.101188764782337,12.537987086289062,IR007
1787,1.4600990769230768,-1.0282652307692308,0.020024632211538485,0.2588666788764129,0.2595139725776457,0.4130330379389126,4.371977099327011,5.626283095359038,12.959737279374847,IR007
1788,1.2118467692307693,-1.4755366153846154,0.01818437560096153,0.2693382672010758,0.26982018238384864,-0.6693894829310889,5.338409314792901,4.491312542020244,14.838022943695764,IR007
1789,1.2135156923076922,-1.0026055384615384,0.01942853004807696,0.2768298670279568,0.27737592615584383,0.15707327767361576,3.4959086759689786,4.374985634571177,14.276732489254815,IR007
1790,1.3747753846153847,-1.2842363076923076,0.019992850961538473,0.304326698709382,0.3048343969359957,-0.20087043361980536,3.8849642038325856,4.509908981511815,15.247169977029545,IR007
1791,1.2241550769230771,-1.5577310769230768,0.02151875841346157,0.2515560396346463,0.2523523345138417,-0.6974638816419135,6.455811958397055,4.850975836151544,11.727086185231615,IR007
1792,1.3247076923076921,-1.0806276923076923,0.018613015024038462,0.2657769578923433,0.26629843005039794,0.298415000133296,4.0635509197064446,4.974523101983689,14.307108746566687,IR007
1793,1.4039815384615384,-1.1601101538461538,0.022245245192307674,0.29242164294483664,0.29312414081642163,0.048826082672672036,4.519003785608437,4.789716515845846,13.1769345890502,IR007
1794,1.3649704615384617,-1.2500233846153843,0.022303714543269248,0.2733748365474533,0.2741500952251963,-0.33267712736458965,4.923600931673669,4.9789166055814364,12.291678800557845,IR007
1795,1.3676824615384615,-1.0624781538461538,0.01883120552884619,0.25776764528521834,0.2583290273731844,0.5103865259568413,4.359149517105252,5.294342937167087,13.718135409730856,IR007
1796,1.006777846153846,-1.0835483076923076,0.019825795673076973,0.2550847384108918,0.2557298237534061,-0.5229528192239753,2.980220126436345,3.9368808509587705,12.898842899943835,IR007
1797,1.4511286153846157,-1.2464769230769228,0.017098719951923094,0.29209022673619955,0.29244785806774765,0.0444548835438696,4.2256304704707555,4.962008013915598,17.103494231733762,IR007
1798,1.3962627692307694,-1.1056615384615385,0.0200621177884615,0.29025190572056336,0.29080300152402666,0.2672121871309893,3.8259487508705337,4.8014042561916535,14.495129805851242,IR007
1799,1.1523913846153846,-1.3883353846153843,0.020121809495192305,0.2559000352167767,0.2565653234830095,-0.7504772527401506,5.442856561953379,4.491610046794571,12.750608912399779,IR007
1800,1.4465390769230768,-1.1672030769230768,0.01910154987980773,0.2922648726238884,0.2927459790056682,0.15929183241621314,3.359499003414057,4.941277355324728,15.325770989668767,IR007
1801,1.2310393846153844,-1.2243636923076924,0.01842008653846154,0.2659817020985787,0.2664891691778413,-0.14189582107117946,4.26430977995615,4.619472485179506,14.46731363728428,IR007
1802,1.1897335384615384,-1.3286713846153846,0.01923906490384613,0.28980300765938466,0.2902996856704225,-0.5344598984091373,4.089457158024675,4.098294270329469,15.089074605304122,IR007
1803,1.3687255384615384,-1.0366098461538462,0.021318699519230763,0.25642487782301066,0.2571847435221137,0.37323439806388464,4.056263085078384,5.321954637421369,12.06381014424062,IR007
1804,1.2141415384615384,-1.4909741538461538,0.020945677283653832,0.2688498614927638,0.2695336402786072,-0.532745994690563,5.03714555653595,4.5046011221698485,12.868222718630033,IR007
1805,1.2356289230769228,-1.3833286153846152,0.01664868930288461,0.3263117146204146,0.32657698974106675,-0.24860718564431195,2.9649586454464423,3.783576191502704,19.61577778284822,IR007
1806,1.3391021538461536,-1.013244923076923,0.023343939302884597,0.2567728760340949,0.2577069311206881,0.3254371216529455,4.063364410761747,5.196220947658685,11.039564821385717,IR007
1807,1.2704676923076923,-1.4392375384615383,0.01930242367788461,0.2622401975325848,0.2628218914694814,-0.3811159455823717,5.089202765600451,4.833949277224564,13.616004697410336,IR007
1808,1.4252603076923078,-1.1350763076923076,0.02045673497596153,0.2914560555229023,0.2920310850084957,0.13689343977725954,3.6582044073250577,4.880508893944781,14.275547165843326,IR007
1809,1.339310769230769,-1.2412615384615384,0.01957663882211541,0.2712107051551596,0.2717842160296136,0.006170220240588853,4.8188359322665875,4.927846027249934,13.883088843759197,IR007
1810,1.2719280000000002,-1.2796467692307691,0.016540510817307712,0.2805575242183826,0.2809078945028788,-0.4081266046803731,4.193716495812478,4.527918313762326,16.983024140278758,IR007
1811,0.7168024615384616,-0.6458732307692308,0.02962807031250004,0.2195105735190434,0.22139480318792207,0.02814948146538378,0.17286872859658153,3.2376661566443032,7.4724678608082,IR014
1812,0.5989347692307692,-0.7370381538461539,0.02773117788461537,0.19238649744037611,0.1942818507782564,-0.06551624539605555,0.8739339278610636,3.082813792598483,7.005899698405512,IR014
1813,0.7247298461538462,-0.6844670769230768,0.03179693689903852,0.19707772852189653,0.19953131821417386,-0.1279880500081988,0.6069220691960537,3.6321608689816416,6.275174204601053,IR014
1814,0.7941987692307692,-0.6836326153846153,0.030239451923076924,0.19457291996606654,0.1968148224270196,-0.02292147634088257,0.8080141965868979,4.03525892733645,6.508544629964751,IR014
1815,0.5309261538461538,-0.7276504615384615,0.031310031850961526,0.16540836390697095,0.1682662362636197,-0.4091765638949431,0.8224925971508013,3.155274436722774,5.3741956272859,IR014
1816,0.8526110769230768,-0.90852,0.030453975360576882,0.2262878899620476,0.2282184210249509,-0.11143405651684864,0.5582302776684163,3.735943282290353,7.493879479536947,IR014
1817,0.7107526153846154,-0.6473335384615384,0.03435104927884617,0.1614679268590657,0.1650043186079472,0.0535228704507218,1.7375641778579602,4.3074788671039235,4.80347244325835,IR014
1818,0.6873876923076924,-0.6784172307692308,0.03140802403846151,0.17765942615564853,0.18032890106430088,-0.07100531455777928,1.2739342539827812,3.811855383417363,5.741491436821192,IR014
1819,0.7581083076923077,-0.8288289230769231,0.03196215865384617,0.22215521018680207,0.22433528650440454,0.12363388697982135,0.4107170386104935,3.3793538212608527,7.0187777031577046,IR014
1820,0.6884307692307692,-0.6026898461538461,0.03132857091346152,0.17376750168345945,0.1764855137138798,-0.1543162387516984,0.8658342929521909,3.9007777734486497,5.633372623391707,IR014
1821,0.5728578461538462,-0.6433698461538462,0.03201247896634619,0.15951524477790335,0.16261938194032075,-0.2728324722548483,1.293679851367405,3.5226910797390536,5.079874698591069,IR014
1822,1.154268923076923,-0.8330012307692308,0.02678262980769231,0.2175932433417151,0.21912985118170888,-0.16993676810706845,2.458307888260354,5.267511098338535,8.181789942030711,IR014
1823,0.7593599999999999,-0.5751526153846154,0.03193241466346148,0.1824313155998961,0.18511715982211893,0.016294940066719773,0.5938376461873354,4.10205083488574,5.797155078094938,IR014
1824,0.720348923076923,-0.7499723076923077,0.03056806189903848,0.2193384958540668,0.2213522088426472,-0.05585894631147585,0.35083044000714114,3.2543109772579593,7.241290258235503,IR014
1825,0.5924676923076923,-0.5674338461538462,0.031281510216346134,0.1645695695604569,0.16743723517985307,-0.2452149298184153,0.7403514351142637,3.5384464612742317,5.352594360753046,IR014
1826,0.911857846153846,-0.6035243076923077,0.029917768629807686,0.18524353942778155,0.18755460770770244,0.2756792865075203,1.8658714572364588,4.861825882598128,6.269003882891117,IR014
1827,0.6740363076923077,-0.6266806153846154,0.03111139903846152,0.21110456955457585,0.21328276487592326,0.03970601479155608,0.0966934541340283,3.160294307345588,6.855453996532015,IR014
1828,0.7057458461538462,-0.6031070769230769,0.03072574579326925,0.17244014131745997,0.1750732278733112,0.1310889553954958,0.6542295750657345,4.031146593495993,5.697932575868102,IR014
1829,0.547824,-0.6602676923076923,0.027075791466346186,0.1898994461796603,0.1917281448865577,-0.09867852615798024,0.3164435178224978,2.8572956793805013,7.081164926420192,IR014
1830,0.6452473846153846,-0.5388535384615384,0.029113254807692314,0.16237849151882394,0.16488968224299538,0.04230687335579607,0.5478200409912057,3.9132065502103,5.663732321658112,IR014
1831,0.7808473846153846,-0.7311969230769231,0.032048945913461566,0.2164040686543052,0.21865983339057204,0.18753834035892736,0.6442943746016092,3.5710599999435124,6.822684090172465,IR014
1832,0.644412923076923,-0.6185446153846154,0.028035137019230785,0.20035249029259525,0.20220753932846733,-0.13045398426882573,-0.10290728662388116,3.1868887046300203,7.212646729344055,IR014
1833,0.5665993846153846,-0.4771033846153847,0.03045601262019227,0.1630280592236796,0.16577020714293822,0.08364782778610559,0.6278123889127913,3.4179807963129623,5.4429386147887575,IR014
1834,0.8532369230769231,-0.5739009230769231,0.030176500600961564,0.19409195419786526,0.19633012788754148,0.1766739764460064,0.7261966007113609,4.34592964542691,6.5060601453995455,IR014
1835,0.7731286153846153,-0.5776560000000001,0.03376472596153849,0.19358186742549435,0.19641130433673665,0.3343446940123256,1.066700570058449,3.9362735153936335,5.817056076820212,IR014
1836,0.6321046153846154,-0.6569298461538461,0.029746231370192295,0.1808026724085535,0.18314617437200933,-0.13114853481632832,0.4618495299154018,3.4513667432696398,6.156953870651798,IR014
1837,0.6911427692307692,-0.6642313846153846,0.034274652043269245,0.20591056859831772,0.20864445499767,-0.1095019228546364,0.31788530210557475,3.3125384004980507,6.087427371524344,IR014
1838,0.5067267692307692,-0.7614461538461539,0.030514074519230744,0.16016256659378264,0.16296657833373066,-0.3311679003763934,0.8072182274726138,3.109390737731943,5.3407019842933465,IR014
1839,0.8953772307692308,-0.703451076923077,0.032892778846153804,0.2122367202517492,0.2146680498507844,-0.003868578983103325,0.6986637491818389,4.170985069234135,6.526297180752968,IR014
1840,0.5820369230769231,-0.5789076923076923,0.03205648377403848,0.17920931650393812,0.18196767298864572,0.02185318586298893,0.4680206435114904,3.1985732054354536,5.676470141619697,IR014
1841,0.5751526153846154,-0.5551255384615384,0.032354331129807644,0.16134441419784695,0.16447918057060998,-0.12169865265773565,0.8009062265209002,3.496811045563944,5.083683538711061,IR014
1842,0.9337624615384617,-0.6531747692307692,0.031166812499999988,0.22202365814155028,0.22409314092838087,0.11481285761812285,0.4464697245769962,4.166849809280364,7.1901206107740725,IR014
1843,0.7629064615384615,-0.5941366153846154,0.031206742788461517,0.1598793793387027,0.1628198833464215,-0.0836355352695988,1.1756190867224516,4.685585358854938,5.217458433586446,IR014
1844,0.8302892307692308,-0.7706252307692307,0.031093063701923083,0.2047364719343176,0.2069851853582002,-0.014286589816595816,1.2847347623765009,4.0113461711395715,6.656956913042902,IR014
1845,0.7065803076923076,-0.6327304615384615,0.03279499038461542,0.20594801652026626,0.20844346094156585,0.17794446298311514,0.5961468821618157,3.389793589593043,6.35595432402839,IR014
1846,0.4931667692307693,-0.4047138461538461,0.032231484375,0.16033523888860354,0.16346605929849062,-0.00620170496795959,-0.24177969353513706,3.016936796220443,5.071626779475328,IR014
1847,0.9087286153846156,-0.7956590769230768,0.034937983774038464,0.2336664788637317,0.23615115015487906,0.1421521056658014,0.19349110347059595,3.8480804128568864,6.759152207585517,IR014
1848,0.7453827692307692,-0.6304356923076923,0.02844870072115387,0.18265677543876452,0.1847707894819165,0.007481293848985371,0.9866418872516768,4.034094194871207,6.49487620868832,IR014
1849,0.5542910769230769,-0.428496,0.03428218990384618,0.1403943277150057,0.1444527161334022,-0.054065246226278674,0.5570520696174337,3.8371800251314654,4.213637359181532,IR014
1850,0.8492732307692307,-0.8015003076923076,0.028265754807692323,0.21644534202805565,0.21817834083185547,0.104624141888713,0.7544357097450378,3.892564346814536,7.718822381225772,IR014
1851,0.7318227692307692,-0.5200781538461539,0.030074841346153836,0.16625729353921975,0.1688756646077064,0.2960503351146294,0.7752220125542073,4.333500453903608,5.615180564512047,IR014
1852,0.7973279999999999,-0.5603409230769231,0.0312711201923077,0.2036489736625436,0.20593757925306846,0.11821491043392895,0.4189625412647455,3.8716974477989528,6.585551716299776,IR014
1853,0.6527575384615384,-0.5490756923076923,0.03181934675480768,0.1861746345903596,0.18878457766791173,0.11498038087709385,0.5701546630257361,3.457684661136859,5.93301236265599,IR014
1854,0.4875341538461538,-0.6748707692307692,0.026235218149038446,0.17515144127196508,0.17702077572946426,-0.28899267945255186,0.4532338902306696,2.7541069788962966,6.747448209648383,IR014
1855,0.8734726153846154,-0.9727735384615384,0.032429506009615354,0.2450635501660452,0.24708129816370086,-0.09365880611155623,0.6388002328167124,3.535162806235162,7.619027502005155,IR014
1856,0.6579729230769231,-0.703451076923077,0.03330980588942307,0.20177975612274435,0.2044134348295556,-0.2092518621104464,0.5820941264162025,3.218834043983241,6.136734495185497,IR014
1857,0.6266806153846154,-0.7228523076923077,0.028751030048076893,0.1827811604565996,0.18494039152223005,-0.1331460047628255,0.8505124445162884,3.3885546052241797,6.43247880903663,IR014
1858,0.9804923076923076,-0.6496283076923076,0.033193274639423107,0.20513163706276147,0.20770096110299088,0.09962381947284853,1.344138113043651,4.720692203278342,6.25732059759804,IR014
1859,0.5296744615384615,-0.4608313846153846,0.0339419675480769,0.1436198992372096,0.14750792988917613,-0.1073413319538074,0.6419090503749572,3.590820249029392,4.345886244815931,IR014
1860,0.6974012307692307,-0.8747243076923077,0.0286634278846154,0.2274830968900071,0.2291715858614553,-0.1570046537723778,0.15339232199510544,3.0431400478715616,7.99526095706296,IR014
1861,0.8104707692307692,-0.6464990769230771,0.03349356670673079,0.16681515738760058,0.17006451908179152,0.10641044617818944,1.4546435201303307,4.765666428286421,5.07752788978475,IR014
1862,0.7032424615384615,-0.49733907692307705,0.031090822716346087,0.17265779049658767,0.17535176033419395,0.3245226419535165,0.8692000898182597,4.010467075997341,5.639984568243745,IR014
1863,0.7660356923076923,-0.8279944615384616,0.02956593389423079,0.2313099513229753,0.2330797883587829,-0.0027047985730912923,0.517223672615033,3.2865813792851197,7.883390025581562,IR014
1864,0.9216627692307692,-0.9045563076923075,0.03283430949519229,0.2144812619247072,0.2168764154120064,-0.12065457907760095,1.6801241994022271,4.249714140100757,6.605176680927678,IR014
1865,0.6490024615384615,-0.7977452307692308,0.035706438100961496,0.1989989817028343,0.2020813499183997,-0.3845945535307022,1.06374420048249,3.2115900937940496,5.65952138230663,IR014
1866,0.8864067692307692,-0.8891187692307693,0.03001351983173077,0.2089215852816355,0.21096543542923632,-0.009653592879162586,2.030665360940354,4.201668237392825,7.029013478325869,IR014
1867,0.7418363076923077,-0.5150713846153846,0.034022846754807684,0.18446567155590954,0.18748842103284916,0.23543502204489036,0.6553081814615198,3.956704651975993,5.510662361207492,IR014
1868,0.7441310769230769,-0.7447569230769231,0.033973748798076873,0.20096968172243654,0.20372429010514356,-0.07757137119615794,0.493330162298308,3.6526379674167746,5.996520764192956,IR014
1869,0.5127766153846154,-0.5830799999999999,0.03157059735576923,0.16205803602132146,0.16502685352387012,-0.247914810581378,1.043435836967202,3.1072313652907733,5.227232531085225,IR014
1870,0.7349519999999999,-0.6581815384615385,0.030907876802884662,0.1964740826006377,0.198795534791384,-0.0959310197661776,0.74066513194576,3.6970246880608175,6.431872886617374,IR014
1871,0.7359950769230769,-0.8117224615384615,0.032870368990384584,0.2269941300034561,0.22925199568817675,-0.04035083784062832,0.5123646758223295,3.210419498045113,6.9744272038819775,IR014
1872,0.720348923076923,-0.8300806153846153,0.030590675480769217,0.18019882212038124,0.18269015944471972,-0.13809000723153106,1.9304677936966452,3.943008891482705,5.972086479736861,IR014
1873,0.7362036923076923,-0.7612375384615384,0.030862649639423114,0.2343161400244935,0.2362264578302377,-0.12890980598359045,0.1756337597641342,3.116516664008735,7.654121100752425,IR014
1874,0.5567944615384616,-0.5184092307692307,0.029509501802884607,0.15553338721072235,0.15823344010465876,0.07422781143340193,0.16236850114392531,3.5188166368005813,5.362118315707762,IR014
1875,0.6554695384615384,-0.7201403076923076,0.03402753245192309,0.19674189423662924,0.19956814811910573,-0.07690828519125938,0.3900366420194264,3.2844396495093138,5.8649021465506515,IR014
1876,0.8131827692307693,-0.5367673846153845,0.03095432632211545,0.19349698136870933,0.1958639542141804,0.2699839169684004,0.5439789721539707,4.151773472016912,6.3275146800479565,IR014
1877,0.8021261538461537,-0.6788344615384615,0.03506796093750004,0.17819604188455154,0.18152845955570385,-0.21491704817748514,1.1692118324843062,4.418734978577909,5.176476039745606,IR014
1878,0.615624,-0.6556781538461539,0.03142411838942312,0.1776896703511153,0.1803614719217636,-0.07878232708944254,0.9768898293787504,3.4132788640527543,5.73958733500923,IR014
1879,0.8386338461538462,-0.8357132307692308,0.032263061899038464,0.21766407724745496,0.2199370101875704,-0.0024043639477651967,0.9377842730950491,3.813063774208026,6.816991235234407,IR014
1880,0.536976,-0.6114516923076924,0.028811740384615377,0.1726177585842126,0.17492257840734085,-0.4376409051920562,0.5979906160150841,3.0697923898054382,6.071225690369762,IR014
1881,0.7948246153846155,-0.7057458461538462,0.03208582031250001,0.20976551685727016,0.21210398780387546,-0.008085553603810334,1.3230812667009522,3.747334614564436,6.6105209634065005,IR014
1882,0.4741827692307693,-0.5801593846153845,0.02871843389423078,0.14840898289687618,0.15109091845593264,-0.1714793323460953,0.4279327041344732,3.1383935849795632,5.261112740771186,IR014
1883,1.088555076923077,-0.5820369230769231,0.03183605228365385,0.20704544108174786,0.2093788093324554,0.2682434376879206,1.4838996098483783,5.198974434870578,6.576783059247598,IR014
1884,0.7368295384615384,-0.5403138461538461,0.031804271033653866,0.1863319885166288,0.18893706817736092,0.07018546114095081,0.6306724881153225,3.8998675356275463,5.940619358243933,IR014
1885,0.5995606153846154,-0.9022615384615384,0.03013453305288461,0.1707650812922754,0.17332145225647844,-0.2468227206163664,2.115488003190096,3.4592406628199415,5.7515891138020265,IR014
1886,1.1371624615384617,-0.6734104615384615,0.03350884615384616,0.19607090150991974,0.1988192606806025,0.2581731993118705,2.36056732903836,5.7195789665734695,5.93333652157945,IR014
1887,0.5891298461538461,-0.6677778461538462,0.03130330889423077,0.1831420856092514,0.18570989678326652,-0.07892126162522127,0.5451733229642937,3.1723126034655675,5.932596372183935,IR014
1888,0.8033778461538461,-0.7322399999999999,0.029242417067307708,0.20155562292840654,0.2035684542397106,0.14925375512253025,1.5643368198706673,3.9464751508494245,6.9614099877980005,IR014
1889,0.8544886153846153,-0.6644399999999999,0.03141046874999996,0.216099850784804,0.21826625580245546,0.2760046079810619,0.9080207886695648,3.9148910684479823,6.948837903046439,IR014
1890,0.5219556923076923,-0.4595796923076922,0.03403771874999998,0.15469105371055286,0.15831778143081027,0.17529441083691633,0.06284341144257423,3.2968860957403128,4.6512453608780815,IR014
1891,0.8002486153846153,-0.7768836923076924,0.03187801983173079,0.23595534129006535,0.2379847919292949,0.09949075182273866,0.7073896661129888,3.362604008840904,7.4654822722837135,IR014
1892,0.6277236923076922,-0.5682683076923077,0.0271236670673077,0.18118891939617252,0.1831203370525948,-0.05092876692841845,0.2068765022471517,3.4279299744156813,6.751311929842653,IR014
1893,0.5067267692307692,-0.4816929230769231,0.03537762439903845,0.14859024742545304,0.15267310291748756,-0.06440085549356321,0.4923918873286035,3.319031050967966,4.315527272137502,IR014
1894,0.7410018461538461,-0.6314787692307692,0.02901383653846153,0.2154319819647785,0.2172726820874619,0.2006790923212751,0.2421211099113303,3.4104694572489334,7.4885884808594465,IR014
1895,0.6289753846153846,-0.5092301538461538,0.030817015024038483,0.16313121117478646,0.16593821861211358,0.10753624297186068,0.4851332796589221,3.790419047980964,5.384629837856629,IR014
1896,0.8455181538461538,-0.7314055384615383,0.03168529507211538,0.2156443853679552,0.2178555628529033,0.08122108754795129,0.7421885088171178,3.8810950832458198,6.875604672674387,IR014
1897,0.7003218461538462,-0.7059544615384615,0.030016371995192317,0.21558809201374685,0.2175633680422136,-0.15919133689611684,0.6535804823682763,3.2189327296034667,7.248156708514287,IR014
1898,0.6638141538461538,-0.6527575384615384,0.028574399639423063,0.15313279617882855,0.15570243905694894,-0.12798736237957936,2.074451573338385,4.2633510294810515,5.449018737812148,IR014
1899,0.9381433846153846,-0.8263255384615384,0.032063206730769234,0.25195064576843795,0.2538605636824085,0.14427559365522738,0.5032362810483328,3.695506584429735,7.917503879572751,IR014
1900,0.7522670769230769,-0.6581815384615385,0.033956839543269245,0.21198102839268676,0.21458131461119376,0.10594348134606726,0.4172155771150261,3.5057436305026464,6.319236934219546,IR014
1901,0.5843316923076923,-0.6481680000000001,0.02750687560096151,0.17141241362404702,0.1735227655954126,-0.12619833889427431,1.1317496510193903,3.3674641497480846,6.308341525685567,IR014
1902,0.9103975384615384,-0.6886393846153845,0.031852757812500014,0.19468166758072944,0.19717641142930534,0.02363937083309765,1.558264621525331,4.61717267223898,6.1902461504268,IR014
1903,0.7919039999999999,-0.5113163076923077,0.031377261418269256,0.16364010706161125,0.16654268732059538,0.2240375927748766,0.9399127145477552,4.754961101807979,5.307750893251209,IR014
1904,0.8409286153846154,-1.0537163076923075,0.027396048677884626,0.24093885750369726,0.24237447387895186,-0.10068431213572268,0.8024200237737986,3.4695428191196283,8.847059542371447,IR014
1905,0.5724406153846154,-0.5624270769230769,0.030797457331730782,0.1644351352806802,0.1672154057008528,-0.2331653643998069,0.6034745367244558,3.4233724637113143,5.4295198431388005,IR014
1906,0.6800861538461539,-0.5920504615384615,0.030617771033653856,0.17285767134527336,0.17546521871485735,0.12698219147336715,0.8933882543292726,3.8759029215433234,5.730829279570773,IR014
1907,0.8359218461538461,-0.7384984615384615,0.028239474158653837,0.21276608751209308,0.21452894324476504,0.12804801551374567,0.9180522596321454,3.8965457691184726,7.5967754229242175,IR014
1908,0.8355046153846153,-0.7868972307692307,0.028488427283653805,0.17560908090114116,0.17782020136430995,-0.04368645599486278,2.051176900198616,4.6985922239108895,6.241839873917513,IR014
1909,0.728484923076923,-0.8482301538461539,0.029979905048076863,0.21354559545228127,0.21553650065074292,-0.30117754321626833,0.9653714102224829,3.3798680078664067,7.189365686952671,IR014
1910,0.941689846153846,-0.6988615384615385,0.02711388822115381,0.1849397377308357,0.18682737606079927,0.2334536860953316,1.5279560685678053,5.0404275112625445,6.890467886307786,IR014
1911,0.6583901538461538,-0.5826627692307692,0.032636084134615405,0.17352841593721655,0.1764874464849794,0.21317285581011408,0.6390881013879071,3.73052116147076,5.407739658870051,IR014
1912,0.7458,-0.7639495384615383,0.03390285216346152,0.21584656836897,0.21838875123837734,-0.1182302635879456,0.3495161445299164,3.415011056068262,6.4416040923466555,IR014
1913,0.9932178461538462,-0.943776,0.028208915264423123,0.19366916310583995,0.19561916823650272,-0.3397894545751732,3.0844960951591576,5.077303288362059,6.934657586185748,IR014
1914,0.7443396923076924,-0.787523076923077,0.03206687379807695,0.19044488321794212,0.19303398339713,-0.1208676518926592,1.1313900817220697,3.856003379344651,6.0197319081570795,IR014
1915,0.8319581538461538,-0.7733372307692308,0.03202409134615386,0.2436315960215267,0.24560930726770866,-0.015888356555506727,0.37337278634368776,3.3873234003275696,7.669516821347897,IR014
1916,0.5962227692307692,-0.6946892307692308,0.028130888221153862,0.17723726386137392,0.17937033692553994,-0.10534493090469738,0.8619937888242832,3.3239764135486496,6.3762770487515965,IR014
1917,0.8206929230769231,-0.5747353846153846,0.03252159014423075,0.20460612599894312,0.2070759235997727,0.10848243559891513,0.4577533201567592,3.963246469266618,6.367336980799737,IR014
1918,0.4639606153846154,-0.5048492307692307,0.031679183293269214,0.14862811488696626,0.151895735997561,-0.15872342348038676,0.5093026133909309,3.0544676737473737,4.794812245991009,IR014
1919,0.7952418461538461,-0.7261901538461538,0.03428137500000002,0.19314323984283285,0.19606910459725926,-0.029732886243207537,1.0401387124493515,4.055926341823883,5.7194060797520265,IR014
1920,0.7001132307692307,-0.984456,0.033773486177884615,0.2154331539266925,0.2179604746366029,-0.203225973563228,1.0203449170623164,3.212110966157981,6.453597164610348,IR014
1921,0.8023347692307692,-1.1788855384615384,0.03454642247596152,0.2104244026923149,0.2131399631714856,-0.38554030635736775,2.7192728586988966,3.7643563285465915,6.169668170989198,IR014
1922,0.7472603076923077,-0.8459353846153846,0.0337883581730769,0.19767186552148944,0.20044366091531726,-0.19883634483140825,1.3361827829730704,3.7280316288376296,5.93232911432299,IR014
1923,0.8315409230769231,-1.0278479999999999,0.0334220588942308,0.2308973571387169,0.23319210857594355,-0.17445832243853246,1.4353257264949386,3.5659050735248856,6.977191600131983,IR014
1924,0.5298830769230769,-0.6398233846153846,0.03323279747596153,0.16998104596817676,0.17311775891930825,-0.28308540560824685,0.5911146645088596,3.060824494441729,5.209244242665112,IR014
1925,0.8932910769230769,-0.8209015384615383,0.030933749999999982,0.2437208801712209,0.2455580514612759,-0.045279697851060535,0.9388394785123184,3.6377999890748742,7.9381921513323155,IR014
1926,0.5759870769230769,-0.4771033846153847,0.029291515024038463,0.1419623589531951,0.144884862024418,0.16435817176215173,0.500655251309825,3.975481419349412,4.946308236549607,IR014
1927,1.073534769230769,-0.8002486153846153,0.0319328221153846,0.21625027500095215,0.2184907742224021,0.238049136447802,2.147385146611354,4.913410065259857,6.842200586998466,IR014
1928,0.6402406153846154,-0.7818904615384614,0.03118474038461538,0.20191039530334276,0.20420696230092186,-0.2809335495535448,0.4846756512703938,3.1352536082543017,6.548297653991852,IR014
1929,0.5622184615384616,-0.7282763076923077,0.029040117187499995,0.1635266270789353,0.16600654189974182,-0.4647421803896585,2.0224284307206304,3.3867247344867195,5.716455647472303,IR014
1930,1.0316030769230768,-1.1188043076923078,0.03190409675480768,0.2595177909376306,0.2613457178195228,-0.08702001778390886,1.1228007046796955,3.9472736937494783,8.191603725002501,IR014
1931,0.7289021538461539,-0.6062363076923076,0.029872745192307683,0.1960465764457762,0.1982148016276029,0.007580916083444167,0.09947917989394606,3.6773346281958426,6.635305873349857,IR014
1932,0.7871058461538462,-0.8263255384615384,0.027797185096153847,0.21600695379061574,0.2176835367029244,0.007327738845282741,0.938109305008644,3.615826249772944,7.831135992724823,IR014
1933,0.7722941538461539,-0.587460923076923,0.0305491153846154,0.2195907434747785,0.2215993076127188,0.13584981352337694,0.3263064451886999,3.4850928108307317,7.253869868988635,IR014
1934,0.5215384615384615,-0.4136843076923076,0.03534034254807696,0.13941532844103566,0.14375879982817658,0.05723088104980813,0.189563671057118,3.6278715609883694,4.067838324787239,IR014
1935,0.9391864615384616,-0.656304,0.029993758413461517,0.2029153306355582,0.20502206551910376,0.3257474114077673,1.436490270250144,4.580904300034716,6.835490994255912,IR014
1936,0.6521316923076923,-0.6744535384615383,0.0267392361778846,0.19168362006523496,0.1934469319927698,0.041630950080877915,0.8944592476565032,3.3711141634030466,7.2345720986886395,IR014
1937,0.5570030769230769,-0.4658381538461538,0.034609781249999964,0.15862120398262766,0.1622773931522957,-0.07189735454348799,0.08713679104085248,3.4324132653544366,4.688772575015794,IR014
1938,0.8463526153846154,-0.8730553846153846,0.029192911658653863,0.2321538291713814,0.23386960953294644,0.08389896691278258,0.5574574752818835,3.6189080619531513,8.01117792796865,IR014
1939,0.4823187692307692,-0.4118067692307692,0.030125976562500018,0.1497423616959389,0.15267105851804988,-0.03800485074788796,0.001229075792308798,3.1592023656123795,5.067754673489676,IR014
1940,0.8119310769230769,-0.944401846153846,0.03562005829326919,0.2194199547841084,0.22218660714563326,-0.05609877330093945,1.3281042522526585,3.654275509013434,6.2376823001330655,IR014
1941,0.8067156923076922,-0.7439224615384615,0.031150310697115418,0.2288663839533289,0.2308657865314101,-0.3493630928278392,0.8917434291036996,3.494305953376663,7.411347796052277,IR014
1942,0.6231341538461538,-0.7825163076923077,0.030029410456730764,0.15382294269979713,0.15665298037974054,-0.2806316379309677,2.061256282414312,3.977799543523666,5.2166518755158755,IR014
1943,0.9642203076923076,-0.8697175384615384,0.032284249399038484,0.21358537361079752,0.21590839505786055,0.13842260221182567,1.5827830448739981,4.465876870762294,6.687731605254263,IR014
1944,0.7109612307692308,-0.7274418461538461,0.037018637019230784,0.1869425868664165,0.19048302240104686,0.038124470524116966,0.5306619573316884,3.7324125888361763,5.14559794035888,IR014
1945,0.5987261538461538,-0.7226436923076922,0.028868579927884594,0.17111442973381902,0.17345013426224218,-0.43860392733314296,1.5659245155795816,3.4518633058013646,6.0082669357318865,IR014
1946,0.8292461538461539,-0.7574824615384614,0.03587369711538465,0.2262198945600607,0.2289375172906091,-0.13583868007100405,0.7204159325614596,3.62215054858625,6.381765351763196,IR014
1947,0.6412836923076922,-0.5547083076923077,0.03140863521634613,0.17690747954319824,0.17958896384290915,0.12422639352917104,0.33261165386735225,3.5708413177807445,5.717821312702084,IR014
1948,0.810888,-1.1317384615384616,0.030093380408653836,0.2426387532515405,0.2443802005246585,-0.0721334592858249,0.932998015351972,3.3181411516117474,8.120729449669371,IR014
1949,0.758316923076923,-0.7758406153846154,0.035228293269230763,0.17679817074016435,0.1801890696751448,-0.2026456158527355,2.21906267847233,4.208451291990465,5.114896378829863,IR014
1950,0.6890566153846153,-0.6661089230769229,0.03478070733173077,0.15635241919571305,0.1600996672914576,-0.024059697941750408,1.6095426667319233,4.3039228440756485,4.603117060399665,IR014
1951,0.7201403076923076,-0.547824,0.03413917427884625,0.18262156820669675,0.1856974728236738,0.19523204702887909,1.2897859076540443,3.8780296615889114,5.4394248468609865,IR014
1952,0.7080406153846154,-0.9250006153846152,0.03751532091346155,0.2097421944684965,0.2129700136476839,-0.3349761223532576,1.5685337174301974,3.3246023853664504,5.676881030524899,IR014
1953,1.2049624615384615,-0.7896092307692307,0.03612081670673075,0.2083013247391072,0.21130968455275395,0.3029549874398812,2.8002018523546326,5.702353226681573,5.8500804748796975,IR014
1954,0.7349519999999999,-0.4456024615384615,0.03777588641826924,0.17985152750917652,0.183689959151018,0.3015942465375357,0.7645407821354437,4.0010461290144335,4.862624720890243,IR014
1955,0.9650547692307692,-0.629184,0.03899559375,0.22017070313399356,0.22349151180296015,0.07389984316602384,0.6826884751075948,4.3180824249003384,5.731199099974217,IR014
1956,0.6083224615384615,-0.7178455384615384,0.03494613281250007,0.1955752283736627,0.1985788230367108,-0.013532661969975731,0.6479940144867604,3.0633803355053755,5.6824262673688475,IR014
1957,0.7266073846153845,-0.6961495384615385,0.03731383593750001,0.1887342122409203,0.19229700849878312,0.02771960485177054,1.8057460949636488,3.7785683214098595,5.153504153817824,IR014
1958,1.0510043076923077,-0.6335649230769229,0.03450404747596149,0.2018709948144744,0.20470132159730614,0.2911222097361248,1.80326732020736,5.134330836221326,5.932675630008881,IR014
1959,0.6727846153846154,-0.7491378461538462,0.03560172295673076,0.20300795123390414,0.20600840911237267,-0.07033206515329372,0.4895630216076401,3.2658114214047815,5.786473013195147,IR014
1960,0.7998313846153845,-0.6540092307692308,0.03709381189903843,0.20832800035349489,0.21150442845784748,0.06546682431746073,0.3566810785518633,3.7816294932793317,5.7018790366845575,IR014
1961,0.6139550769230769,-0.6028984615384615,0.03497322836538462,0.1750154885744133,0.1783918031258578,-0.284117256480428,1.0867615685921237,3.441610355213033,5.100810290148228,IR014
1962,1.128192,-1.043076923076923,0.03141902524038465,0.2420439531163565,0.2439574106363593,0.15603039695831886,2.781279671200676,4.624544903379356,7.7646396974399785,IR014
1963,0.9439846153846152,-0.8411372307692306,0.03379121033653848,0.21837423158597474,0.2208677914114317,-0.026290594305055287,1.1030143076162284,4.273980417661552,6.5362497883837865,IR014
1964,0.7211833846153846,-0.820067076923077,0.035052274038461506,0.19736345416922446,0.20035707017507293,-0.16415472666399314,1.768085112523746,3.5994905694379096,5.715950695673237,IR014
1965,0.5348898461538462,-0.7695821538461539,0.03234292247596155,0.17752642380437494,0.1803632967083739,-0.4867644395799017,0.9805884436921186,2.9656246914731197,5.5765924320050715,IR014
1966,0.7370381538461539,-0.8121396923076922,0.032634861778846135,0.1773549084241713,0.1802472751609547,0.18888057967981065,1.4575582057615497,4.089039089151299,5.523151174422645,IR014
1967,0.5826627692307692,-0.4560332307692308,0.03235697956730773,0.1660587229561385,0.169102171475832,-0.10689283365939957,0.06771277274268428,3.4456255892257603,5.226142048397078,IR014
1968,0.6281409230769229,-0.9172818461538459,0.030508981370192343,0.21727702716316533,0.21930344648157854,-0.26005495257517003,0.4570662549916738,2.864254680692793,7.1881602279858745,IR014
1969,0.5344726153846153,-0.512568,0.033405353365384624,0.15459762687827927,0.15809175693205946,0.024370746142019284,0.5293513180665177,3.380774720685197,4.7325276042694915,IR014
1970,1.0518387692307691,-1.0754123076923077,0.03208215324519234,0.2342607186631526,0.2363339945632391,-0.08354412665222298,2.4970062639530943,4.450645245406345,7.366525331296297,IR014
1971,0.8670055384615385,-1.001353846153846,0.032414837740384665,0.2302424747237851,0.2324016990790083,-0.07808412538354191,1.3930115651949242,3.7306333899339847,7.169608589138982,IR014
1972,0.8594953846153846,-0.6740363076923077,0.03004306009615387,0.18280913013969127,0.18517323674412334,0.06350798130336538,1.7025311618082188,4.641574558655337,6.163594392564202,IR014
1973,0.6131206153846154,-0.6402406153846154,0.03358463221153843,0.17332308200535446,0.176463824817554,0.05558673039753738,0.5266857684423547,3.4744833170114098,5.254302733049659,IR014
1974,0.6717415384615385,-0.6066535384615385,0.032856108173076916,0.1745059091881471,0.17748830271201452,0.3845739871983906,0.9730544547823851,3.784708784733153,5.401988019306946,IR014
1975,0.8461439999999999,-0.761028923076923,0.030131680889423036,0.2004533160370969,0.20260851494010326,-0.01607515001579211,1.1201543266858591,4.1762509352094295,6.724102637474296,IR014
1976,0.7334916923076923,-0.6533833846153847,0.031922228365384615,0.21917646455838766,0.22138301392766346,-0.007167174335576961,0.4132675186325288,3.313224801191656,6.93507393637105,IR014
1977,0.5284227692307693,-0.661728,0.033479305889423105,0.15197691428330204,0.15554835502493547,-0.3812966294706336,1.2399831640118304,3.397160768084365,4.6461045380895065,IR014
1978,0.8440578461538462,-0.7714596923076923,0.02768065384615386,0.21654831128631624,0.2182053977469007,0.22616154597284535,1.3660324131829364,3.8681804156507615,7.882956774058273,IR014
1979,0.5970572307692308,-0.59664,0.03221579747596156,0.1640365809048906,0.1670915322161807,0.027911169805539475,0.4565638504275866,3.573234519130308,5.18663343165288,IR014
1980,0.866796923076923,-0.7866886153846154,0.030531594951923088,0.21469383912217,0.21675010892240446,0.007182838731456095,1.1598750792121502,3.9990610726162656,7.099206879421543,IR014
1981,0.4679243076923077,-0.4295390769230769,0.029843204927884608,0.13750433591731054,0.14063994801340535,0.1842366723285785,0.4310044675437079,3.3271080820344627,4.7126288330378205,IR014
1982,0.6239686153846153,-0.602064,0.033873923076923065,0.18563172880874215,0.18860787338408608,0.08422049914797686,0.1265876276268867,3.3082850900606315,5.567937110673106,IR014
1983,0.7353692307692308,-0.7935729230769231,0.029654962139423043,0.2054556413349738,0.2074854565012483,0.13044907248293136,1.0811206984602304,3.5441965098156483,6.996652213742638,IR014
1984,0.5290486153846153,-0.5553341538461538,0.02941293569711538,0.1593406172333616,0.16195603946488227,-0.19018408412963453,0.574779651295902,3.266618627700708,5.5062861161718635,IR014
1985,1.1096252307692307,-0.8884929230769231,0.03182179146634618,0.2331777939929749,0.2352263005723818,0.3248155670426162,2.20714022088418,4.71726685353276,7.391987997317827,IR014
1986,0.8926652307692308,-0.5680596923076923,0.03285936778846155,0.18507375697569586,0.1878791741125437,0.14438841561341464,0.8552799217567704,4.751272912422453,5.717674646756801,IR014
1987,0.6673606153846153,-0.62376,0.029917972355769224,0.17969224317071505,0.1820792541830885,-0.05292861243657433,0.5367125270873796,3.6652205018016804,6.085949008104397,IR014
1988,0.8052553846153846,-0.7510153846153845,0.03277400661057694,0.21014917767158034,0.2125880635671129,0.006966066600287525,0.8043154322999542,3.787867348258572,6.486483819116146,IR014
1989,0.5027630769230769,-0.4837790769230769,0.028481908052884638,0.16260492818894726,0.1650023063202283,-0.07972898117110806,0.2507881176556093,3.047006360913157,5.7932321814204055,IR014
1990,0.9936350769230768,-0.8065070769230769,0.029798588942307695,0.2447230561613738,0.2464119404633364,0.033345783774799964,0.5466625810913825,4.0324144806242455,8.269248619134562,IR014
1991,0.6642313846153846,-0.5042233846153846,0.0322237427884615,0.1888717133704889,0.19150994037248656,0.1119467645131728,0.4555805692680015,3.46839116195982,5.943131486298402,IR014
1992,0.4833618461538461,-0.6022726153846154,0.02971628365384613,0.154325904859617,0.15708686812999298,-0.1704545128099903,0.5119338347451747,3.077035349344753,5.286221855997847,IR014
1993,1.037027076923077,-1.0053175384615385,0.0296237920673077,0.25486964837917303,0.256461830784684,0.05835979821931369,1.6603632273328088,4.0435922716067925,8.657292429071253,IR014
1994,0.5102732307692307,-0.4211944615384615,0.030200743990384582,0.16862801067126826,0.17123002648299404,0.08159988732853705,-0.11019955519005586,2.9800452715570267,5.6697287503086296,IR014
1995,0.8227790769230768,-1.0366098461538462,0.02839797295673075,0.22061140819508535,0.22232478401957906,-0.15574208986303706,1.4645916557706675,3.7007978240096646,7.8288962510926225,IR014
1996,0.8793138461538462,-1.1019064615384615,0.02651432271634613,0.20619293406230255,0.20779079935818226,-0.14891251790054014,3.2299144307252683,4.2317265676336175,7.8369265389562,IR014
1997,0.4405956923076923,-0.6133292307692307,0.030162239783653857,0.14791209707622174,0.15088533377086485,-0.12035269199781927,0.19814466738748185,2.9200697065546675,5.002457869612048,IR014
1998,0.9360572307692308,-0.6379458461538461,0.02841101141826921,0.21595203273929747,0.21770834560940686,0.18203922699572075,0.8942827007903138,4.299592779270953,7.662815744370623,IR014
1999,0.8225704615384615,-0.7320313846153846,0.02859192007211535,0.20538325302276456,0.20726452876023688,0.14754759311540844,1.4698852353875251,3.9686986792130217,7.249059462864627,IR014
2000,0.634608,-0.8651280000000001,0.03095941947115382,0.18354958462776405,0.1860538493042292,-0.15554099725971834,1.3389710188657642,3.4108834747208565,6.009603942269763,IR014
2001,1.0622695384615384,-0.8131827692307693,0.029410694711538482,0.20576919107997196,0.20776092117473285,0.17009256610293075,2.4693096236818977,5.112941993398938,7.064128311570401,IR014
2002,0.5409396923076923,-0.4689673846153846,0.029276643028846118,0.17129328257332496,0.17369472295359256,0.09253611739862456,0.15136983956278538,3.114312761546703,5.932877030418142,IR014
2003,0.6222996923076923,-0.6066535384615385,0.029232027043269194,0.18184859540159945,0.18409543502097048,-0.11402058498849875,0.3312088375029241,3.3803102843740023,6.297730730355194,IR014
2004,0.709500923076923,-0.7804301538461538,0.02801659795673077,0.1830376996235538,0.18508109483934546,-0.2449410032885197,1.9374359634116232,3.8334597258179484,6.6061230962155815,IR014
2005,0.8359218461538461,-0.6435784615384614,0.02692707151442307,0.18523163531020967,0.1870890678252612,0.21211689037095635,1.245153305670013,4.468042178362803,6.947991641981928,IR014
2006,0.9112319999999999,-0.6777913846153846,0.031292307692307716,0.21018819674394545,0.21240325548416836,0.27137544193723395,0.7888241982028941,4.2901037365122665,6.7877146541155025,IR014
2007,0.7026166153846154,-0.6364855384615384,0.02669889843749999,0.19593353181852008,0.1976494115452693,-0.025168184307129374,0.7943431023053344,3.5548631786525164,7.402905105165702,IR014
2008,0.6160412307692308,-0.6671520000000001,0.02840612199519229,0.1692236932466537,0.17150976834037038,-0.059000275017460815,0.5876008105619497,3.5918725605568063,6.037774827883871,IR014
2009,0.6590159999999999,-0.6777913846153846,0.02743801622596156,0.18423120771555848,0.18617421139425452,-0.11388552448251095,0.8392912891435347,3.5397813427791296,6.785265008266102,IR014
2010,0.6560953846153846,-0.6202135384615385,0.030566024639423057,0.21072640128487666,0.21282982216119026,0.16381997487512265,0.10288161693426412,3.082722984744496,6.9629539553105415,IR014
2011,0.6070707692307692,-0.5889212307692308,0.0291407578125,0.17645895316312965,0.17876391679101072,0.2479170526561764,0.5751731782050804,3.3959357130247003,6.134497872060468,IR014
2012,0.7222264615384616,-0.8922479999999999,0.031394985576923065,0.1771027407337522,0.1797787407902235,-0.1880986022498348,2.3773657499145653,4.017307376633583,5.726352074592771,IR014
2013,1.076872615384615,-0.8841120000000001,0.02967268629807695,0.22350157426366835,0.22535447594653196,0.010180084840306134,1.8402753108262804,4.7785721178225735,7.5946772625415075,IR014
2014,0.7637409230769231,-0.8236135384615384,0.03090909915865388,0.1687385202952766,0.17146502641249606,-0.24792662619757766,2.744562126332914,4.454208179104582,5.547396432758523,IR014
2015,0.7397501538461538,-0.7362036923076923,0.03161521334134617,0.2006653808082342,0.20304382266594373,-0.1785519725203839,0.6841164167392009,3.6433029290589256,6.422345485184638,IR014
2016,1.1828492307692309,-0.770208,0.031376242788461545,0.17187464528501287,0.17463251064556545,0.5169731161118443,4.460437116311866,6.773362109933497,5.5657559709407165,IR014
2017,1.1233938461538462,-0.968809846153846,0.03331551021634616,0.24833549671921354,0.2504400467888685,0.1487225210946033,2.074477240407183,4.485679748738086,7.517220812845028,IR014
2018,0.6955236923076923,-0.6423267692307693,0.031880260817307673,0.17910399972763866,0.1818330754821928,-0.06188104730087264,0.5527556179899134,3.8250669767492655,5.703625717625129,IR014
2019,0.6306443076923076,-0.4489403076923077,0.03126541586538464,0.14800218066693158,0.15119781895268464,0.12566631999288694,0.9514140432386028,4.170988127081777,4.835944597816228,IR014
2020,0.8588695384615385,-0.7168024615384616,0.03282819771634619,0.2085095059935073,0.21097736232742606,-0.04266775180314165,1.2492985719420764,4.070908504053706,6.426711699204058,IR014
2021,0.861372923076923,-1.1202646153846154,0.029754584134615382,0.2245473447038672,0.22640142564636956,0.09214115310186888,1.44675002972191,3.804626762476112,7.608959500898638,IR014
2022,0.5294658461538462,-0.4318338461538461,0.028868376201923087,0.15552838763045887,0.15811021584848495,-0.1643996622075047,0.06391947076289428,3.3487137014677577,5.476934855724664,IR014
2023,0.7760492307692308,-0.6815464615384615,0.030179352764423063,0.1966455823748941,0.19885299905163495,-0.03504162163129336,0.8200543330893431,3.90262774245471,6.589041209858315,IR014
2024,0.4810670769230769,-0.5223729230769231,0.03198945793269231,0.1496529411125999,0.1529622734729395,-0.3543373340981029,0.5048329901256761,3.145004751829753,4.781646309693059,IR014
2025,0.7343261538461539,-0.6871790769230769,0.03025982451923075,0.1973298559336968,0.1995412302888964,0.13592048828203976,0.7406038516296984,3.680072297755177,6.594262638968173,IR014
2026,0.5017199999999999,-0.5232073846153845,0.0326346580528846,0.14469531758041396,0.14826095172269993,-0.08330684905901373,0.6724133562916395,3.3840333153829514,4.543052097633211,IR014
2027,0.7864800000000001,-0.8480215384615384,0.03068642668269232,0.2129450847358718,0.2150418170364088,0.06649039250453845,0.8441833513767909,3.657335167823851,7.007717752868768,IR014
2028,0.8786879999999999,-0.5415655384615384,0.03255500120192307,0.17501117351729684,0.17792927784207094,0.15594165880270114,1.7623439459782675,4.938411545624991,5.465497504928994,IR014
2029,0.7263987692307693,-0.7397501538461538,0.03191041225961539,0.18975390913586007,0.19232695546986966,-0.1082398646716884,0.5728136704046425,3.776895274279784,6.027090903907607,IR014
2030,0.8275772307692307,-0.8676313846153846,0.02970772716346155,0.22523830755660604,0.2270799440442958,-0.2816236121513121,1.426348770540292,3.6444311903115394,7.643800644688443,IR014
2031,0.4330855384615385,-0.4314166153846154,0.0302282469951923,0.14105670878644355,0.14419192540081688,-0.21154159662059285,0.35318624620082195,3.0035353037811987,4.77010543892109,IR014
2032,0.9558756923076922,-0.861372923076923,0.03106107872596155,0.2348883798056222,0.23681947161292766,0.11906714513381285,0.7028303818227224,4.036305316439665,7.624315745833662,IR014
2033,0.6343993846153846,-0.5962227692307692,0.034027532451923116,0.19150973425602624,0.19441716718054347,-0.2558273986437955,0.5783446927812061,3.2630831619218905,5.713525288829919,IR014
2034,0.5444861538461538,-0.4228633846153846,0.02937280168269229,0.14007213321628464,0.1430517515741901,0.1774673851479237,0.8161048471831474,3.8062180144908617,4.870211330861308,IR014
2035,0.7289021538461539,-0.7545618461538461,0.03205118689903847,0.1992045562038068,0.2016704772551607,-0.021031113406370948,0.7597452826626427,3.614322551158149,6.292137570144424,IR014
2036,0.5995606153846154,-0.5252935384615384,0.032866498197115415,0.15813226320420226,0.16143605430910524,0.10354798916367153,0.4313755631307612,3.7139201521651612,4.911872671706597,IR014
2037,0.8054640000000001,-0.9214541538461538,0.02935385516826922,0.21575050952285107,0.21763380680771535,-0.1168758198006523,1.1359146731125618,3.701005886055408,7.414147326139704,IR014
2038,0.951912,-0.9266695384615384,0.030400599158653837,0.20595667003385573,0.2080887368073948,0.11106769990295064,2.6999903483953247,4.574548409513784,6.844889330023621,IR014
2039,0.5801593846153845,-0.6316873846153847,0.035611094350961575,0.16930967109928022,0.17293328441266764,0.02022414595281928,0.02663547592537352,3.3548162031720876,4.8561631582658205,IR014
2040,1.185144,-0.9594221538461538,0.027836300480769245,0.2468612822755531,0.2483059405477375,0.1287853978063816,1.5877679139054883,4.772918430327095,8.920220584602466,IR014
2041,0.7403759999999999,-0.625428923076923,0.030995478966346118,0.1886437506935321,0.19108226496764893,0.008242352211755904,0.8875211967757508,3.874645300678997,6.164843110671716,IR014
2042,0.6358596923076922,-0.6270978461538461,0.032498365384615355,0.17822417500459925,0.1810772788551174,-0.1016189865316446,1.0431149380258191,3.5115377054923216,5.571888823086437,IR014
2043,0.9663064615384616,-0.6723673846153846,0.030271844350961558,0.1977431716481124,0.19995139557787048,0.20699197330285607,1.3894656613092344,4.8327067622898205,6.605193699455555,IR014
2044,0.5653476923076923,-0.6817550769230768,0.030406507211538425,0.16282509964540692,0.16556170486430113,-0.3002775847940479,0.6863918722584983,3.414724997976233,5.444943206152762,IR014
2045,0.7138818461538461,-0.8365476923076922,0.03643659194711543,0.20945141113647275,0.21249629918373905,-0.07170326065170618,0.6153269238666477,3.359502489671946,5.831947715970777,IR014
2046,0.7885661538461538,-0.7497636923076922,0.030615326322115388,0.19000917119914476,0.1923682043267252,-0.043983116921586005,0.8891127028937169,4.099254118455169,6.2833955223193385,IR014
2047,0.7862713846153846,-0.7524756923076922,0.031272750000000044,0.17615056888096742,0.17882031771993506,-0.040939804857996726,2.248782471585911,4.396991318664514,5.718087399411143,IR014
2048,0.8286203076923077,-0.4958787692307692,0.033214462139423105,0.1900957530797671,0.19288417868140892,0.339549145250357,0.6204178592980156,4.295947512942251,5.807234748277611,IR014
2049,0.6323132307692307,-0.4898289230769231,0.03054748557692302,0.17542901780262135,0.17798436762540573,-0.06143384974856943,0.15063906239396108,3.5526335217260585,5.826481763195049,IR014
2050,0.5240418461538462,-0.5574203076923077,0.029907582331730763,0.1610226731697227,0.1636992490787265,-0.07312395948898094,0.5061752170764935,3.201247709461533,5.473503249543782,IR014
2051,0.9494086153846152,-0.8907876923076924,0.033989639423076895,0.208356245605058,0.21101001355867574,0.07076064297506936,1.84333454633569,4.499353368936742,6.20806860973679,IR014
2052,0.6677778461538462,-0.5866264615384615,0.027221048076923056,0.17280173545379116,0.17484926264794354,0.19857236176432846,0.7954350620215993,3.819163066752001,6.423311187498838,IR014
2053,0.9306332307692308,-0.8607470769230768,0.03163599338942305,0.23488831938238736,0.2368955027927583,0.0202275107643446,0.6980630480521404,3.928454613101585,7.488163873240668,IR014
2054,0.6006036923076923,-0.520704,0.028354375600961542,0.17665896032451914,0.17883478950416049,0.0096246270538594,0.5998080880782855,3.3584275966266603,6.307131993345532,IR014
2055,0.6423267692307693,-0.7885661538461538,0.03027143689903848,0.18580280761486626,0.1881630400784704,-0.10561695113404232,0.8796883647008102,3.4136712978430683,6.215860869308356,IR014
2056,0.8037950769230768,-0.5889212307692308,0.02815676141826922,0.21534844337799824,0.2170770997589702,0.3022008439608091,0.8215422436936648,3.702809176166276,7.7095904793270025,IR014
2057,0.59664,-0.7518498461538461,0.030334999399038474,0.17090509917079566,0.17349421066322554,0.02120915654791158,1.6169177488886897,3.4389620133097965,5.719275229941977,IR014
2058,0.5995606153846154,-0.7026166153846154,0.029952402043269218,0.189788253103392,0.19204570297747567,-0.06698372782324792,0.2868515653788428,3.1219683965276506,6.411696220558425,IR014
2059,0.7493464615384616,-0.7067889230769231,0.0305739699519231,0.14906203610794425,0.1520939167947543,-0.11832612593147525,2.045855310919665,4.926866750033663,4.974621124895416,IR014
2060,0.9325107692307693,-0.7775095384615385,0.030614715144230774,0.19424830559392686,0.1965523262606474,0.14761609542166745,1.667158093838376,4.744338502481877,6.420191249033617,IR014
2061,0.6821723076923076,-0.8945427692307693,0.029910841947115376,0.2278759690736388,0.22972027629213354,-0.04528523039923201,0.24746434438903764,2.969578126507189,7.680167502415889,IR014
2062,0.762072,-0.6122861538461538,0.030295884014423093,0.1724717282476846,0.17502939273001614,0.25098215948230146,1.827674671627728,4.353965857468868,5.77733241408929,IR014
2063,0.9525378461538462,-1.034523692307692,0.032970398437500006,0.20619125559292487,0.2087111943898807,-0.03278128530068339,2.863418718606785,4.563903957995029,6.330259999299733,IR014
2064,0.6777913846153846,-0.8196498461538462,0.03113136418269231,0.21247146523565666,0.21463736701030955,-0.0644097671264713,0.8109055407928674,3.1578442936398328,6.894569918321746,IR014
2065,0.698027076923077,-0.6185446153846154,0.02972585877403848,0.16655089346737856,0.16910274312388895,0.0665017075824112,0.8545044238309618,4.127828230507679,5.688742061560804,IR014
2066,0.7505981538461538,-0.7243126153846153,0.031859277043269234,0.21172225159921845,0.21400362067222986,-0.1106356357238698,0.6569489050454846,3.507408666677549,6.71715244453237,IR014
2067,0.49733907692307705,-0.5872523076923076,0.03742731129807692,0.15667427551902027,0.1610082629187058,-0.48408048314242,1.2266596509900962,3.0889040593785366,4.3018923169877485,IR014
2068,0.7403759999999999,-0.7380812307692307,0.032048945913461566,0.22031441729355752,0.22252679968678316,0.005574967682522519,0.4478626912293371,3.327131837792633,6.943342233084644,IR014
2069,0.6281409230769229,-0.6089483076923077,0.03280497295673078,0.17665837762096248,0.17959362988077646,-0.03115421113491825,0.8833034148080894,3.497567945443919,5.474585518410807,IR014
2070,0.7843938461538461,-0.8004572307692308,0.0346939200721153,0.1698377511888337,0.17326384795614,0.05625183473778921,1.774569366635382,4.5271639491257725,4.994069496787655,IR014
2071,0.8471870769230769,-0.7426707692307692,0.03283940264423076,0.19884064099580384,0.2014383675957794,0.02457940424576753,1.1428339887119623,4.2056887525176085,6.134044817382456,IR014
2072,0.6102,-0.6095741538461538,0.03276443149038467,0.1650381341087791,0.16817994671244366,-0.13824567197482238,0.7172548777456659,3.6282565902064894,5.133003658610685,IR014
2073,0.7030338461538461,-0.611868923076923,0.036773350961538484,0.19726409242146556,0.20056769531494045,0.025792403249808943,0.5513155448344138,3.50521974662924,5.454158788104887,IR014
2074,0.7537273846153846,-0.6623538461538461,0.032005348557692326,0.22454228105942264,0.2267031997668497,0.08351649938929477,0.2720217915930716,3.324732008152275,7.083291074246486,IR014
2075,0.5063095384615385,-0.5079784615384615,0.02965455468749998,0.1515403963989854,0.15434201661572913,-0.21053848093509386,0.07277769434517056,3.2804387914803232,5.2046647890075235,IR014
2076,0.8676313846153846,-0.7330744615384615,0.03194097115384612,0.2228401323644558,0.22500990280160324,0.12107100377619548,0.3294704075651813,3.855969776496444,7.044554209633322,IR014
2077,0.6110344615384615,-0.5459464615384615,0.03435573497596154,0.1873235686190359,0.1903580000715008,0.04718558070698154,0.1943549116953136,3.2099226788942388,5.540792540304928,IR014
2078,0.5127766153846154,-0.4408043076923077,0.03016101742788461,0.15895494219586725,0.16171482966874676,0.15500967477513028,-0.054324322826574616,3.170869464692732,5.361716661429244,IR014
2079,0.6821723076923076,-0.7138818461538461,0.03392852163461543,0.2120570946114453,0.2146519081826134,-0.11875876834924674,0.4524731065228327,3.1780398015933544,6.326591841939133,IR014
2080,0.7011563076923077,-0.5572116923076923,0.035880827524038435,0.17534255127038215,0.1788922011874999,0.0934216652731411,0.6190623937558843,3.9194347380041132,4.9857323125463235,IR014
2081,1.0284738461538458,-0.7115870769230769,0.031189222355769188,0.2240166524182144,0.22606906216047534,0.19294474342988552,1.7870937733729602,4.549379009781456,7.248307110121279,IR014
2082,0.6825895384615384,-0.7612375384615384,0.03244539663461542,0.2288579615908645,0.23103575901023726,-0.0727809835588975,0.460444327155924,2.95447571140402,7.1207561926905,IR014
2083,0.6191704615384614,-0.4860738461538461,0.03855228605769228,0.1571772901793659,0.1617617186613497,0.12184919918963305,0.1887403706654811,3.8276699002852648,4.195904710275245,IR014
2084,0.9258350769230768,-0.634608,0.029209209735576943,0.22096298953084956,0.22277823134365976,0.16680148175147874,0.428580184222084,4.155859714564638,7.62698591849662,IR014
2085,0.536976,-0.63732,0.030298328725961568,0.17248882866044535,0.17504664995939725,-0.05866228447299478,0.5031702054596838,3.067616547500645,5.777435829633927,IR014
2086,0.4987993846153846,-0.5413569230769231,0.034244704326923066,0.14508616573116262,0.14900382083957245,0.11073320612343956,0.5967820014709844,3.3475610343739146,4.351149287699534,IR014
2087,1.0161655384615385,-0.6110344615384615,0.02963275600961538,0.2030749805868016,0.205127460548,0.1935785338777051,1.168693881919781,4.953824981535101,6.922321382507898,IR014
2088,0.4866996923076923,-0.6262633846153846,0.031508868389423045,0.14767439097213406,0.15092792295992136,-0.16625603667254396,0.7833589324302848,3.2247160284378564,4.7900140714220365,IR014
2089,0.9590049230769232,-0.9135267692307693,0.035873289663461566,0.2459585507579864,0.2484419929468152,-0.05432893623032711,0.7769233872978423,3.8600757935564487,6.925542521400361,IR014
2090,0.5661821538461538,-0.4266184615384616,0.031481976562500014,0.16149158780021816,0.16445418658289052,0.23376601463154106,0.3666441683731136,3.44279562357495,5.223756718591213,IR014
2091,0.6114516923076924,-0.5910073846153846,0.03144082391826925,0.16271902089701248,0.165650681424835,-0.13930343154828395,0.9733686198259476,3.6912114520044534,5.268649506623798,IR014
2092,0.8313323076923077,-0.7149249230769231,0.03479904266826922,0.20406817831031515,0.2069157484948496,0.15287991942069692,1.0764086778123192,4.0177333708990295,5.94601841399279,IR014
2093,0.7355778461538461,-0.6402406153846154,0.03227284074519233,0.18324088100470104,0.18597302618061856,-0.08131529685427477,0.9943140814301584,3.955293201711128,5.762524211889306,IR014
2094,0.5634701538461538,-0.5090215384615385,0.03066707271634617,0.17728555997010878,0.1798331048437267,-0.06589107951836197,0.227474618210298,3.133294919952609,5.8640453396737815,IR014
2095,0.761028923076923,-0.8419716923076922,0.03668880468749994,0.1963180194649596,0.19962263321189133,0.056253593713767695,1.8533453686252253,3.8123378638589625,5.4409685709903695,IR014
2096,0.6571384615384616,-0.5826627692307692,0.030775862379807686,0.16825072464129207,0.17096144365653992,0.06291701504392683,0.5416972002832221,3.843781659089444,5.555049653741278,IR014
2097,0.9544153846153846,-0.7153421538461538,0.034869735576923085,0.2155815753284358,0.21827947208161172,0.11147875435223677,0.6819441479227906,4.3724468247684865,6.259854526286395,IR014
2098,0.5709803076923077,-0.5211212307692308,0.033911816105769266,0.16656698813358867,0.1699043216316516,0.057652586017351876,0.5415380201228133,3.3605990842903863,5.0101805548168965,IR014
2099,0.554916923076923,-0.694272,0.03532424819711539,0.16454320250114993,0.16821363824708552,-0.2406989988377079,1.0233029130039606,3.298881879374234,4.761987779850952,IR014
2100,0.8432233846153846,-0.8751415384615384,0.032532795072115366,0.22264363640059612,0.22490034058968464,0.0015768087023259267,1.066052594100764,3.7493201762365858,6.913034680578432,IR014
2101,0.6471249230769229,-0.5693113846153846,0.0319788641826923,0.18046716677036845,0.18319181466455228,0.10574486594682794,0.8520928921394169,3.532499114449473,5.728527868219283,IR014
2102,0.5551255384615384,-0.4816929230769231,0.032044463942307734,0.1875672519826413,0.19019454455228293,-0.021627632295200004,-0.0639092040286311,2.91872482340806,5.935332383612526,IR014
2103,0.8503163076923076,-0.6771655384615384,0.03175863641826924,0.16321029265022016,0.16619325297145074,0.1018398570436122,2.3065934444405554,5.1164309771250345,5.233009716873348,IR014
2104,0.8029606153846153,-0.7595686153846154,0.034411352163461535,0.20136460490881866,0.2041867965871137,-0.016513305438751576,0.8245855044991561,3.932480595247706,5.93370454079169,IR014
2105,0.8584523076923076,-1.0453716923076923,0.02939745252403845,0.2268668170514121,0.2286536696304397,-0.14134849208613282,1.5670572973757215,3.7543780035534815,7.778009657247288,IR014
2106,0.7011563076923077,-0.6827981538461538,0.029723006610576863,0.17386378612964618,0.17630244784565793,-0.21066630783019255,1.2556637804713544,3.9770083527491766,5.931514606026468,IR014
2107,0.7435052307692308,-0.5528307692307692,0.03204853846153845,0.16799845010260211,0.17094743654982034,0.10959344861270767,1.0906947515542589,4.349320737269705,5.3340166121763986,IR014
2108,0.7654098461538462,-0.8782707692307692,0.03080112439903843,0.19930543595172467,0.20157523262325885,-0.035116614160247216,1.8985581128259028,3.797142318492997,6.54441149653458,IR014
2109,0.519660923076923,-0.5292572307692308,0.027393196514423054,0.16607012102659138,0.1682341802888497,-0.10860882829478156,0.19615328293512316,3.0889140493607847,6.141458526034781,IR014
2110,0.7042855384615384,-0.6936461538461538,0.028041452524038474,0.1985705517816048,0.20044470803013828,-0.04424030157721355,0.3826686992374806,3.5136150282183767,7.148157102714545,IR014
2111,0.4589538461538462,-0.3978295384615384,0.03223474399038458,0.14701593429410084,0.15043821503294078,0.14330737838945806,-0.08242303071118151,3.0507796576378627,4.666958579780113,IR014
2112,0.9431501538461541,-0.8930824615384616,0.026775295673076956,0.21520356145568975,0.2167585343179289,0.08159813716533534,1.3912827326490875,4.351155800226974,8.095467440006034,IR014
2113,0.9133181538461541,-0.703451076923077,0.028283682692307688,0.20964032509057934,0.21143820279469608,0.16184460666187725,0.6996050308218069,4.319551253152556,7.475624906943286,IR014
2114,0.4833618461538461,-0.6285581538461538,0.030616752403846183,0.15957258458737436,0.1624066767979917,-0.4654106168409458,1.0493127530838082,2.9762436845812195,5.304503712731781,IR014
2115,0.7977452307692308,-0.7245212307692307,0.02666263521634616,0.2032486538627245,0.204891604517794,0.07386187902441045,0.8152332385183105,3.893498870520826,7.6845969220694395,IR014
2116,0.7956590769230768,-0.5791163076923077,0.028284497596153875,0.172370023353598,0.17459216102608427,0.1108624998388766,0.8213252881079276,4.557243992209962,6.172715652189111,IR014
2117,0.8409286153846154,-0.7547704615384615,0.032342718750000034,0.19611919341430512,0.1986736726746056,0.03477043956265375,1.1331221041408943,4.232712890760904,6.142763513800318,IR014
2118,0.8213187692307692,-0.5156972307692308,0.02960362319711545,0.21037589966446635,0.21234682230774007,0.2860614484118884,0.4318690485038066,3.867817565174047,7.173001118607366,IR014
2119,0.5042233846153846,-0.4522781538461538,0.025784780048076945,0.14879764339759555,0.15094360452727978,-0.046911115010550036,0.3165715572947021,3.3404753132436107,5.853980691161152,IR014
2120,0.7622806153846154,-0.6765396923076923,0.030430139423076912,0.21033519682482035,0.2124233612614152,0.18805522224120555,0.6996608237201865,3.5884970977675468,6.9806897138408255,IR014
2121,0.8229876923076923,-0.7672873846153846,0.03055257872596152,0.21008032287972772,0.21218883752585824,0.03532555162422368,0.9744598023279684,3.878562613866997,6.945038565453542,IR014
2122,0.59664,-0.4823187692307692,0.02722471514423077,0.16166144126197468,0.1638599548684745,-0.00041229918152322715,0.571592027338204,3.641158088191256,6.0187940994195595,IR014
2123,0.6227169230769231,-0.6200049230769231,0.029755806490384607,0.2070613652217841,0.20908837233905414,-0.046518693922780734,0.2883309844142059,2.9782475042042784,7.02680911729345,IR014
2124,0.5015113846153846,-0.4558246153846154,0.033307768629807694,0.16190159852950955,0.1652148216009738,0.022548181678209628,-0.10741099570548808,3.035510856445028,4.9602488667799935,IR014
2125,0.9174904615384616,-0.7487206153846153,0.02909654927884616,0.21783742624857225,0.2196665939403004,0.2517278683971627,0.8321764715695084,4.176740964936214,7.549575443985822,IR014
2126,0.5786990769230769,-0.5924676923076923,0.032225983774038465,0.19427579334550865,0.19683683453530684,-0.3719517391889872,0.7147231763009287,2.9399938191917783,6.1080163111693855,IR014
2127,0.7752147692307693,-0.5232073846153845,0.03133570132211535,0.14424595318415356,0.14754152620176345,0.2453041243462476,1.8283085907452348,5.2542141130535756,4.708416278452182,IR014
2128,0.7964935384615384,-0.723060923076923,0.02839450961538466,0.21401965005088394,0.2157913990743529,-0.06703518702360191,0.7725387331052587,3.691034683857345,7.5997579108544695,IR014
2129,0.7476775384615384,-0.6811292307692307,0.02735754447115386,0.20144800375218766,0.20319966358533625,0.062358083055245865,0.6965827220134262,3.679521536941629,7.427554903532827,IR014
2130,0.6149981538461539,-0.7234781538461538,0.028953329927884613,0.1851955827455162,0.1873558262341981,-0.12685457968651026,0.7605717045937914,3.282514166799357,6.470959530418569,IR014
2131,0.7975366153846153,-0.7975366153846153,0.026293076322115395,0.2016673058377931,0.20327644133115128,-0.021182413444237658,1.3519918509885889,3.9234089802141576,7.731177548067026,IR014
2132,0.511524923076923,-0.44455938461538463,0.02793429266826921,0.16370249793907804,0.16598994584180748,-0.12731575689093494,-0.2550310011342765,3.081662087921993,5.942156753815242,IR014
2133,0.7516412307692308,-0.9247920000000001,0.027760310697115386,0.214268182380724,0.21595521297805934,-0.17096107965214702,0.9949668631751044,3.480542193929795,7.7792793940342895,IR014
2134,0.7303624615384615,-0.844475076923077,0.027440053485576942,0.17957300353626354,0.181570728497789,-0.10692397470114147,2.0907764186258966,4.022468090429869,6.616996158306555,IR014
2135,0.7499723076923077,-0.7645753846153847,0.02580209675480768,0.1732174293261576,0.17504492271055988,0.22412287035612188,1.3039088340777116,4.2844562188896,6.784135583010087,IR014
2136,0.8010830769230769,-0.8542799999999999,0.029657610576923107,0.21354104360990747,0.2154874013454506,-0.3031198553573348,1.1468276555531958,3.7175401992010215,7.265838250405903,IR014
2137,0.6275150769230771,-0.5776560000000001,0.0273960486778846,0.1731435557834966,0.17521403575961808,-0.023397037560506637,0.8663823863177798,3.5814201425277687,6.3955951392749295,IR014
2138,0.6510886153846154,-0.7318227692307692,0.02857480709134612,0.1990068720681128,0.20095168376516187,-0.20721218957863427,0.3188959116758907,3.240025677742004,7.0324773540123084,IR014
2139,1.0113673846153846,-0.6104086153846153,0.03273468749999996,0.20280908375790488,0.20533610670335886,0.4760279822849419,1.7166863565537025,4.9254239834033084,6.272737648812412,IR014
2140,0.5764043076923077,-0.43412861538461534,0.025963855168269233,0.15297146102783438,0.1550855823088618,-0.005935419738381587,0.2108131111485787,3.716685323748313,5.973133854882764,IR014
2141,1.0284738461538458,-0.8989236923076922,0.029082084735576892,0.22693686054324466,0.22868277815853524,0.09473249712684333,1.0458207382078513,4.497382157220655,7.863355747629106,IR014
2142,0.6575556923076923,-0.6560953846153846,0.029132405048076907,0.1907441331899621,0.1928639177764808,-0.2262519055790825,0.2820372983632331,3.4094282636618685,6.620253887662192,IR014
2143,0.7003218461538462,-0.8916221538461537,0.02942556670673079,0.19466566925107093,0.19678307903821415,-0.2907928431038442,2.2780956563625425,3.558851958088569,6.687486463708518,IR014
2144,1.0309772307692309,-0.9834129230769232,0.02878912680288458,0.2647032450875545,0.2661356725210729,0.08877091030235522,1.7587874516112103,3.8738783906828473,9.244312074599184,IR014
2145,0.7184713846153845,-0.5522049230769229,0.029407842548076882,0.18254416015074024,0.18480976768321186,0.1359984707575574,0.39774059374214055,3.8876266856573216,6.284370143137121,IR014
2146,0.5981003076923076,-0.4489403076923077,0.03183034795673075,0.18248414232647345,0.18515159537270354,0.002945995976118041,-0.21531004679331775,3.2303275944684846,5.8168259933693856,IR014
2147,0.6842584615384616,-0.6208393846153847,0.0289679981971154,0.16687916808511918,0.16929443495425692,-0.012395159992184466,1.102522616671008,4.041824893555107,5.84418825913608,IR014
2148,0.6187532307692307,-0.5542910769230769,0.03197641947115383,0.1821261395192416,0.1848243208777783,-0.0230944504078196,0.4458799412290193,3.3477911772141904,5.780019274656742,IR014
2149,0.872220923076923,-0.7343261538461539,0.027801667067307648,0.21383024675247936,0.21552646098590644,0.1101941613569532,0.4749419309360392,4.046931959477397,7.752285518135237,IR014
2150,0.6485852307692307,-0.6992787692307693,0.028187931490384593,0.20384835676330365,0.20568940616789472,0.0037482903564532133,0.4904291254863624,3.1532262300364686,7.297073438611807,IR014
2151,0.5755698461538461,-0.5995606153846154,0.029215932692307725,0.1721068764508413,0.17448616307542542,-0.11540155755373355,0.6412568244475989,3.2986560997678858,5.972294806161226,IR014
2152,0.9690184615384616,-0.7576910769230769,0.03039570973557692,0.19457973104312146,0.1968456171850578,0.2429786111419504,2.161312008933943,4.922733233260009,6.476098728981418,IR014
2153,0.4983821538461538,-0.4814843076923077,0.029889450721153836,0.1536572609921422,0.1564636569255619,-0.3263672869638003,0.3648630533448721,3.1852902050171346,5.234745140860918,IR014
2154,0.7259815384615385,-0.7351606153846154,0.030004352163461482,0.21057026742785656,0.2125953857702594,-0.13048492654901156,0.1424990703975988,3.414850871909649,7.085484952718043,IR014
2155,0.5862092307692308,-0.5878781538461538,0.032301973557692265,0.14493615915817148,0.14842302239419586,-0.004579149680439176,1.1556423769520796,3.9495842445002975,4.594859262363892,IR014
2156,0.7891919999999999,-0.6031070769230769,0.02915725961538462,0.1895960539072465,0.191733422443117,0.3606564333513045,1.5181659939970595,4.1160898811689215,6.575838229390744,IR014
2157,0.9460707692307692,-1.0822966153846152,0.029554932692307693,0.24429340947143136,0.2459562632270229,0.048754004206720034,1.0732875274920657,3.846500011091506,8.322003835624987,IR014
2158,0.6550523076923076,-0.8715950769230769,0.03407174098557692,0.17765620985895875,0.18080871227448725,-0.2618375778062062,2.1445907885101816,3.6229023449814033,5.306705998705094,IR014
2159,0.6143723076923077,-0.531552,0.028270236778846162,0.1790211881217501,0.18115323523743126,-0.021715730213625103,0.2626336527922635,3.391450927647365,6.407913617935568,IR014
2160,1.0606006153846153,-0.7576910769230769,0.031628659254807734,0.1938585814464157,0.1963283508443612,0.19300570999829894,3.0181911658518583,5.402177580686773,6.207292862548963,IR014
2161,0.92208,-1.0307686153846154,0.031725429086538436,0.2287521527073577,0.23083099683209454,0.008590521386234621,1.5492780547854137,3.9946108306707035,7.275898340175312,IR014
2162,0.8795224615384615,-0.6911427692307692,0.033869644831730765,0.2315802940214652,0.2339320690442907,0.0014135147823035727,0.5002953833505921,3.759734461083829,6.906835610662547,IR014
2163,0.4727224615384616,-0.544068923076923,0.02844116286057691,0.15486151099692533,0.15737714994783164,-0.3796338630554508,0.6373813704482116,3.003755384407219,5.533428809480096,IR014
2164,0.7332830769230769,-0.7055372307692307,0.034078463942307693,0.2056388789826098,0.2083444120082752,-0.0692090444511232,0.8678837579064789,3.519571606719896,6.113667927081067,IR014
2165,0.8142258461538462,-0.8096363076923077,0.030227024639423106,0.2055815109503928,0.20769245884811,-0.11500054947627728,1.1981641897540651,3.9203438134906343,6.871085107636776,IR014
2166,0.4727224615384616,-0.5505359999999999,0.03494837379807692,0.15196895411637756,0.15586339712120106,-0.10276984691667942,0.13643140167677625,3.0329280015042115,4.459818302898478,IR014
2167,0.843432,-1.1213076923076921,0.03190735637019231,0.2417126194715036,0.2436924581262443,-0.3085192636702516,1.4816580319928754,3.4610508937583213,7.63750074744207,IR014
2168,0.599352,-0.4090947692307692,0.03265706790865388,0.1630822034589008,0.16624174176029735,0.04239022666305837,0.08104257267874583,3.6053039005342047,5.090528709598099,IR014
2169,0.8209015384615383,-0.7228523076923077,0.03091521093749997,0.21713839515619196,0.21922314862324727,0.15052829205556256,0.8942179775091939,3.74459332245211,7.0911095857130615,IR014
2170,0.8054640000000001,-0.8630418461538462,0.033372146033653884,0.2321628898411508,0.234436923744779,-0.18047946013542726,0.7547442282033958,3.4357386504391805,7.024928019563467,IR014
2171,0.5411483076923076,-0.5200781538461539,0.031766378004807694,0.16721797251587253,0.1701283239481252,0.10927496044534346,0.5909941651505028,3.1808243044662703,5.355609755773133,IR014
2172,0.7003218461538462,-0.5991433846153846,0.03544729867788459,0.19337183039734648,0.19650104198341853,-0.02564590255300244,0.5871324220820489,3.5639599621713045,5.543470146175473,IR014
2173,0.995929846153846,-0.6836326153846153,0.03353533052884615,0.18122486492700887,0.18421454164854836,0.21297533510803446,1.9403435694812048,5.406358462481859,5.493148233326408,IR014
2174,0.6187532307692307,-0.6890566153846153,0.03225980228365385,0.17571322002397366,0.1785656154887479,-0.0802052657169813,0.8041198209280367,3.4651308936250427,5.535235892602715,IR014
2175,0.8839033846153846,-0.8250738461538459,0.03284714423076925,0.224298193304075,0.2265821790370625,-0.19360025791009705,1.2070091867517112,3.901027822981625,6.898078488808588,IR014
2176,0.6569298461538461,-0.5732750769230769,0.03461344831730767,0.1717356650696024,0.1751069032565361,0.045155051094488835,0.28604520577168424,3.7515930779235296,5.058926855576473,IR014
2177,0.9619255384615384,-0.832584,0.03104946634615385,0.24131524755556624,0.24318768441588776,0.12282014263473495,0.6375571579779953,3.9554862359579848,7.832266155711622,IR014
2178,0.7622806153846154,-0.7124215384615384,0.032338236778846154,0.2253469756924833,0.2275465445530389,0.009686308913579756,0.5910702193637585,3.3499986426158856,7.036454897314839,IR014
2179,0.709500923076923,-0.5182006153846154,0.03153372295673078,0.16579067374979753,0.16868337456423582,-0.01727657108138897,0.5988524549342888,4.206110560153277,5.3493009625186305,IR014
2180,0.9846646153846154,-0.6181273846153846,0.033538386418269214,0.19289889997003296,0.195699951703157,0.225154289212808,1.3740715424736605,5.031501575831666,5.835103372670138,IR014
2181,0.6512972307692307,-0.7134646153846153,0.030747340745192333,0.1637381023871092,0.1665214200435751,-0.02754981980520549,1.1922404202893686,3.911191909117759,5.4157990905152475,IR014
2182,0.6788344615384615,-0.931259076923077,0.03307368749999997,0.19684727150666706,0.1995115947314831,-0.2204590958694298,1.2267430658809326,3.4024812565509546,6.032335968932504,IR014
2183,0.7578996923076923,-0.6661089230769229,0.031142976562500018,0.1941712351441353,0.1965592397462428,0.06656774747531809,1.3043524077134965,3.8558334540067305,6.311511019242916,IR014
2184,0.5953883076923077,-0.5605495384615384,0.029995184495192295,0.16497776201139974,0.1676030826183831,-0.02356157140329706,0.1494695137571722,3.5523708656836126,5.587666335082783,IR014
2185,0.8256996923076924,-0.8062984615384615,0.03133183052884615,0.2163473808704332,0.2184998023903789,-0.04226441689507427,1.4524321130014144,3.7789493778693233,6.973732421704936,IR014
2186,0.9089372307692308,-0.7833507692307693,0.028580511418269224,0.20647453318111333,0.20834333666732646,0.041630560943840614,1.332282551686026,4.362689228792482,7.289699390548668,IR014
2187,0.6588073846153846,-0.5964313846153846,0.03092254507211545,0.17960298612332293,0.18215909314227707,-0.07763444136263628,0.5997604693073804,3.6166593347103286,5.890818259540348,IR014
2188,0.893916923076923,-0.6051932307692307,0.030793586538461582,0.21411606319282894,0.21621554594641104,0.19530126110378065,0.7358993462509242,4.134378585795492,7.0214473288571,IR014
2189,0.709500923076923,-0.6548436923076923,0.028328909855769236,0.17619677310940174,0.17837464031978806,0.024292789091599046,0.6666177374597049,3.977588528307263,6.2965585766605745,IR014
2190,0.9323021538461538,-0.6596418461538461,0.02979084735576918,0.20246728564717295,0.2045494172937924,-0.008520897643274879,0.8089789181967895,4.557833340131675,6.866183255918036,IR014
2191,0.6239686153846153,-0.6114516923076924,0.02873534314903845,0.17139929956303135,0.1737088099579581,-0.16210853883690807,1.4721023040839176,3.5920378220058704,6.04512739092767,IR014
2192,0.6112430769230769,-0.7483033846153846,0.03119900120192314,0.18758288782214613,0.19006934219691105,-0.11406079499742355,0.8983030733267712,3.2158951562521416,6.092161122939888,IR014
2193,0.7881489230769231,-0.7718769230769231,0.026990634014423098,0.23016251432498594,0.23162802969065766,0.018907412497108183,0.3529325754712369,3.402649170437216,8.581792838466914,IR014
2194,0.7401673846153847,-0.6210479999999999,0.027426200120192312,0.1997632063579881,0.20154047983027212,0.15868208043329388,0.7974540875298022,3.6725494810705954,7.348465297673142,IR014
2195,0.7722941538461539,-0.7282763076923077,0.027840578725961542,0.19638128392612375,0.1982499552914103,0.01978860114923634,0.9836229087324084,3.8955577705475295,7.120899218468499,IR014
2196,0.8907876923076924,-0.5747353846153846,0.02860760697115384,0.1778203143093572,0.18002105540399368,0.2621272359958227,1.5633338923877371,4.948241694887488,6.29276875851643,IR014
2197,0.4076344615384615,-0.4408043076923077,0.029545561298076933,0.14217811379706655,0.1451475642211421,-0.17077281154891302,0.1870581301822649,2.8084140696801696,4.9126690387361,IR014
2198,0.7063716923076923,-0.8697175384615384,0.02742131069711537,0.2308387098586749,0.23234973777083015,-0.22057749852932196,0.4559658316134181,3.040122614661165,8.47332719931847,IR014
2199,0.6070707692307692,-0.6116603076923077,0.03127784314903842,0.15942738944994198,0.16239019243623715,-0.2970809249895776,1.2859117511499694,3.7383462641633165,5.191860310266616,IR014
2200,0.8467698461538462,-0.8165206153846154,0.02912303365384615,0.20272810134529104,0.20471125697327727,0.043863243089004716,1.5938109524810633,4.136410760568885,7.029187254544205,IR014
2201,0.9277126153846154,-1.1373710769230772,0.029055396634615413,0.2559654736774254,0.2574850618006813,-0.03037513452135269,0.7229204476735571,3.602976455786612,8.861867041041322,IR014
2202,0.8110966153846153,-0.7866886153846154,0.029946290264423126,0.20091141800793547,0.2030338859714985,0.0005050673441919091,1.8254943348614685,3.994882979772527,6.779934481991828,IR014
2203,0.7407932307692308,-0.6479593846153846,0.028574603365384636,0.21452881010141026,0.2163196116064904,0.025769324476488973,0.4936729914679545,3.4245310689481854,7.570345206209954,IR014
2204,1.029516923076923,-0.5077698461538461,0.030753045072115386,0.1609092734182507,0.163744493335969,0.6139163483245522,3.341637817715428,6.287337681424026,5.32449690598088,IR014
2205,0.7518498461538461,-0.6527575384615384,0.028910140024038418,0.1915109295820012,0.1935882628502942,-0.07403655771201867,0.4656098995266458,3.883757388407721,6.696206337614693,IR014
2206,0.6684036923076923,-0.6018553846153846,0.033224444711538494,0.19839974392081386,0.20106686005770627,-0.22525898900117675,0.2672674413497096,3.3242857232457905,6.051774884528857,IR014
2207,0.5169489230769231,-0.6435784615384614,0.028651204326923068,0.1574277380243931,0.15993805544419593,-0.4701423418044835,0.9888287785501476,3.2321821197663123,5.58224546581816,IR014
2208,1.0399476923076922,-0.9489913846153846,0.030633254206730742,0.2214630681958151,0.22346451722921054,-0.10271361140638877,1.8579125591887875,4.6537486362589,7.294834421480135,IR014
2209,0.817980923076923,-0.8058812307692308,0.029953624399038488,0.2343410899599352,0.236134151277643,-0.011481637985777228,0.295067454335761,3.4640517631655627,7.883324840156001,IR014
2210,0.5424,-0.6001864615384616,0.03343591225961538,0.1760065085733597,0.17906981613731954,-0.05261788534186276,0.4853523650045726,3.0289861892975924,5.355613292286448,IR014
2211,0.7462172307692307,-0.631896,0.03089769050480772,0.2329880406338289,0.2349150552809789,0.05531389878381954,0.1365114711043387,3.1765406856392837,7.602997228690143,IR014
2212,0.5592978461538461,-0.4919150769230769,0.029578972355769218,0.14302573570000593,0.14598390241064735,-0.024802871731343858,0.12131655652408835,3.8312295870853066,4.935394666683678,IR014
2213,0.9122750769230769,-0.7524756923076922,0.03330206430288463,0.19938322503083344,0.2020491919477934,-0.06183963873448716,1.3959541279215415,4.51511371131242,6.067167191503256,IR014
2214,0.6456646153846154,-0.7026166153846154,0.032448045072115385,0.2040794518520548,0.2065444891772115,-0.06898102510358513,0.7276797810727378,3.1260316746124683,6.365390849222775,IR014
2215,0.5741095384615384,-0.6235513846153846,0.03131410637019227,0.17488602593145278,0.17758329606298232,-0.09824262237829934,0.8623347406823605,3.2329028190687636,5.6710318973695175,IR014
2216,0.8682572307692307,-0.8830689230769231,0.03404260817307694,0.2026506687019022,0.20539252157203894,-0.06600312360576227,2.0486971500180005,4.227306934662175,6.033395576737169,IR014
2217,1.009907076923077,-0.8818172307692307,0.03087222475961535,0.1881402226735341,0.1905656593330516,0.07182321925265263,2.4320148733592566,5.299522907000061,6.172721947215633,IR014
2218,0.5778646153846153,-0.6750793846153846,0.03204650120192308,0.1869672990994467,0.18960382828469752,-0.3198500275243255,0.4557611937557011,3.0477476146574904,5.916521965690269,IR014
2219,0.8745156923076922,-0.913944,0.03272776081730771,0.2351180965073689,0.2372712387779631,-0.0042870846947779505,0.6683224404914325,3.6857214418897963,7.2498463950055765,IR014
2220,0.4954615384615385,-0.5015113846153846,0.034073167067307716,0.15169449521131007,0.15540182977365236,0.03500091841368458,0.1666134835130122,3.1882606477876987,4.560827276979374,IR014
2221,0.8031692307692307,-0.7372467692307692,0.030018409254807688,0.20901196169613687,0.21105554462451967,-0.023193684510965252,0.6330983039238043,3.805487471073629,7.030870384669616,IR014
2222,0.7168024615384616,-0.6765396923076923,0.032563761418269194,0.19835218770153776,0.2009118399913884,0.0007586062325670108,0.6591907386095284,3.5677462391922035,6.169798304647667,IR014
2223,0.4839876923076923,-0.5123593846153845,0.033745575721153845,0.1493976760012816,0.15309027704888314,-0.026603277758545308,0.7078672476392063,3.161452847545311,4.536602910968165,IR014
2224,0.6035243076923077,-0.6725760000000001,0.030996090144230826,0.20177235756231984,0.2040418682174932,-0.0419155692985985,-0.19985810599825626,2.9578454312572577,6.5828260037974715,IR014
2225,0.8734726153846154,-0.7111698461538459,0.0334147247596154,0.21929996066946697,0.2217251705940739,0.06269630583331233,0.5494319126005056,3.9394382380868085,6.635552804614093,IR014
2226,0.7624892307692307,-0.7424621538461539,0.03183788581730771,0.2151684878140816,0.2174072600915396,-0.04202738574670243,0.6174287849415516,3.507193046120832,6.828570883728488,IR014
2227,0.471888,-0.4931667692307693,0.02993732632211538,0.1569951973605169,0.1597487580082668,-0.07387420845322319,8.528186931666681e-05,2.9539384586362822,5.336106380690944,IR014
2228,0.8695089230769231,-0.8282030769230768,0.03561924338942308,0.19346812052928244,0.1966267822823439,0.16079296678789584,1.7348967058144646,4.422128628583068,5.520240285079471,IR014
2229,0.7522670769230769,-0.6873876923076924,0.03170953846153846,0.19193095777391,0.19444025629389064,-0.0700112706530451,1.2869464681440377,3.8688854420457446,6.131916947631817,IR014
2230,0.6112430769230769,-0.576612923076923,0.03468821574519234,0.17251576034276392,0.17588603051468474,-0.3542854277724825,0.6769016145450539,3.4752224217832017,5.070483642245621,IR014
2231,1.070196923076923,-0.8156861538461538,0.03186640745192308,0.21550388230568207,0.21774305447476736,0.41981110037848857,1.6936082201121339,4.914953203253334,6.832996622015733,IR014
2232,0.5645132307692308,-0.5238332307692307,0.02934448377403844,0.17682626869853052,0.17915940760458526,-0.16711771840621853,-0.1828059769948629,3.1508991814437275,6.105386245134445,IR014
2233,0.9266695384615384,-0.6487938461538462,0.03032583173076922,0.1996761553692865,0.2018694800919988,0.047055014392454984,0.6780435503453348,4.590439020495935,6.656684040331787,IR014
2234,0.6986529230769231,-0.7768836923076924,0.0321595691105769,0.20783216437530908,0.21020529153667225,-0.2969763189045304,0.9722048887055336,3.323669532624666,6.536321765192378,IR014
2235,0.8553230769230769,-0.9028873846153846,0.030727171875000025,0.1940158137775948,0.19634035547687295,-0.08976037920878363,1.737004076535615,4.356328452424677,6.389795854808809,IR014
2236,0.7964935384615384,-0.690516923076923,0.02955880348557697,0.19422984824953568,0.1963723905383755,0.012905949393640644,0.8453070448342471,4.056036270057455,6.643448562936392,IR014
2237,0.7827249230769231,-0.45665907692307706,0.03303905408653848,0.17224610136809165,0.1753035229897431,0.03776716178671248,0.6513546134444246,4.4649697263797705,5.30594860647567,IR014
2238,0.5517876923076923,-0.6187532307692307,0.03078849338942305,0.17646073409018098,0.17904165274089676,-0.2666305911165027,0.6413605210151312,3.0818956586946915,5.8152131861835095,IR014
2239,0.9362658461538462,-1.0270135384615384,0.02865446394230768,0.24142317276221936,0.24300063283912499,-0.25305751850436986,1.3601567096377298,3.852935834836641,8.480376158087534,IR014
2240,0.6248030769230769,-0.4614572307692307,0.0324763629807692,0.17201947040184445,0.1749757559880264,0.28795049323123256,0.4885198525237029,3.570797985098188,5.387787914910233,IR014
2241,0.8517766153846155,-0.8580350769230769,0.02942903004807695,0.20844750864988604,0.21041387709929127,0.09122748915300656,0.7150861954411831,4.048100948126509,7.149874690247933,IR014
2242,0.7818904615384614,-1.1323643076923076,0.03015551682692307,0.19421651512978835,0.19644992734356534,-0.6294247367094207,4.0385510199242365,3.9801005381439354,6.5145601208258315,IR014
2243,0.9429415384615384,-0.5736923076923076,0.027838541466346158,0.192293435370036,0.19420514811671089,0.2895869484582628,1.2311014349311709,4.85538899254546,6.97612510883461,IR014
2244,0.8964203076923077,-0.8811913846153846,0.0302276358173077,0.24045374541152134,0.24222974787443305,0.03798829949181316,0.6671727377763865,3.700702806151595,8.013519460749142,IR014
2245,0.7735458461538461,-0.6467076923076923,0.028445441105769232,0.19483500366619189,0.19680637895672767,0.191060574780356,1.210589532667088,3.930491736367588,6.918731835619589,IR014
2246,0.7140904615384616,-0.9314676923076922,0.03075039663461538,0.2304550728427471,0.23238602089282576,-0.17176659866746385,0.8559797320160767,3.072863241923632,7.557171494537128,IR014
2247,0.8811913846153846,-0.4510264615384616,0.02929762680288462,0.1575653330001828,0.16019032475309436,0.7413110768511026,2.6342760713454534,5.500902666709669,5.46768944224937,IR014
2248,0.6594332307692308,-0.8651280000000001,0.02686126802884616,0.20008493367391364,0.20178308333245096,-0.09497674830873723,1.3316812150832336,3.268030302038605,7.51204608493379,IR014
2249,0.7080406153846154,-0.7122129230769231,0.03269985036057688,0.21932639679853752,0.2216446974709807,-0.13435128161056087,0.4190398780547162,3.19448479238858,6.77815632264167,IR014
2250,0.6702812307692307,-0.7522670769230769,0.03276545012019227,0.18470795679407906,0.18750276428147244,-0.3963157287950493,1.1539586760565852,3.5747805283714564,5.722575566447679,IR014
2251,0.7860627692307691,-0.8050467692307692,0.03075100781249998,0.23337022033988236,0.2352745184000561,-0.021122813641125605,0.435282976965552,3.3410450675927583,7.650953095085856,IR014
2252,0.9775716923076924,-0.8605384615384616,0.03500236117788462,0.2008080375468278,0.2037391824223972,0.2320192130792869,1.9090603577340897,4.798152621821002,5.820726818598876,IR014
2253,0.557628923076923,-0.5822455384615384,0.033660418269230774,0.16157703554731154,0.16496868467062792,-0.03663115429974901,0.8169275660531491,3.3802107605468885,4.900969540875461,IR014
2254,0.742044923076923,-0.6327304615384615,0.031490533052884566,0.2018128679946536,0.20415757027149065,-0.07933647395106637,0.342455041968063,3.634667683839227,6.483141137326336,IR014
2255,0.7737544615384615,-0.6719501538461539,0.03056133894230768,0.19115879080915515,0.1934941691730368,-0.11140759028382112,1.2141722993491726,3.9988515666666578,6.331338084967622,IR014
2256,0.8563661538461539,-0.9400209230769232,0.036476929687500007,0.2320049876198162,0.23474308492447324,-0.15327310503168765,1.152034814175965,3.648099598425585,6.435384966210999,IR014
2257,0.8198584615384615,-0.780012923076923,0.03289481610576926,0.2190699723840482,0.2214200868903771,0.2221818342425224,0.8296374915346556,3.7027284789404202,6.731154421974206,IR014
2258,0.6402406153846154,-0.673619076923077,0.03231501201923075,0.18675733231289865,0.18944260432501575,-0.18152939330926854,0.9174156894167588,3.3796020576564256,5.862371464144218,IR014
2259,0.7967021538461538,-0.634608,0.03555140264423083,0.20070205007284994,0.20372991413581068,0.04288222647409712,0.7398486774503259,3.9105801287240287,5.730573169631924,IR014
2260,1.0580972307692311,-0.9677667692307692,0.03123546814903849,0.20164791822867956,0.2039554572116296,0.09304241651644653,2.1403113690301403,5.187883890114893,6.529611025468428,IR014
2261,0.6133292307692307,-0.5701458461538461,0.03277115444711537,0.17355103575322464,0.17653468936560993,-0.01601097862361349,0.6164768684281561,3.474270314651887,5.386892599419827,IR014
2262,0.787523076923077,-0.8357132307692308,0.03519528966346148,0.24882865121229095,0.2511850742582505,-0.4035219813109424,0.6434279595205616,3.1352303844033425,7.136894643007358,IR014
2263,0.5225815384615384,-0.5029716923076922,0.03511705889423073,0.15331092663472584,0.15720844344812998,-0.2064768854551843,0.7082859936479751,3.3241314970080547,4.476697320286045,IR014
2264,1.0188775384615385,-0.8901618461538461,0.03117822115384618,0.2346856957807377,0.23663404399747395,0.006136243072174394,1.414241127963078,4.30570986849388,7.589722416485023,IR014
2265,0.7952418461538461,-0.8085932307692308,0.03251242247596152,0.20851977317210751,0.21093859769449305,0.17428428410951904,0.9551021508047088,3.7700158000747312,6.487938505672816,IR014
2266,1.6415944615384617,-1.2752658461538462,0.01002515084134618,0.5633418842771722,0.5631559873942411,0.02672324768204513,-0.5538144369977815,2.9149906922489177,56.17431560946173,IR021
2267,2.444972307692308,-1.9630707692307687,0.007825725360576921,0.6192640698912472,0.6190110905687856,0.1167982254811208,0.626530800253636,3.949803719099308,79.09951628089736,IR021
2268,2.1741895384615386,-2.183577230769231,0.01824834555288463,0.6068096136323652,0.6067877071201111,0.003295617476200491,0.902445258958874,3.583114016565215,33.251655902810995,IR021
2269,1.8946449230769231,-1.729838769230769,0.0034568221153846164,0.6207750791261332,0.62048152164198,-0.0011193526019094091,-0.5067919287083154,3.053507408348157,179.4947789996256,IR021
2270,1.550638153846154,-1.3274196923076924,0.007311928485576934,0.4992069789764168,0.49901673854930895,0.08781420295287715,0.17697336923155493,3.1073870555004075,68.24693916709374,IR021
2271,2.3293993846153844,-2.533216615384615,0.012783600360576923,0.6087301621824257,0.6085671394354024,-0.03470147803409647,2.3566758558115293,3.8276785479684015,47.60530071889214,IR021
2272,1.6111366153846152,-1.5174683076923077,0.009265049278846152,0.5896249693675684,0.5894098202952253,0.013869814796649796,-0.16714114290593507,2.733474332982142,63.61647980016238,IR021
2273,1.754246769230769,-1.554601846153846,0.011449806490384616,0.5872332055539334,0.5870580679882689,0.03727960198190654,0.03924671455693085,2.9881997452862263,51.27231350864069,IR021
2274,1.8831710769230767,-1.7984732307692306,0.005078277043269238,0.6369096856704606,0.636618873554085,0.057174264833801024,-0.1924911822349662,2.958082386734469,125.36119398957592,IR021
2275,1.9778824615384616,-1.7379747692307692,0.011695907451923072,0.5965277099714944,0.5963510692793459,0.07306905476798915,0.3360682878416923,3.3166410918464733,50.98801198031815,IR021
2276,1.8579286153846155,-2.092412307692308,0.009345724759615379,0.5722567583944748,0.5720536142380239,-0.06181742383757397,0.8274681546802571,3.2478225277177537,61.21019278354679,IR021
2277,1.9534744615384616,-1.7265009230769233,0.007544990985576916,0.5980526980494852,0.5978082237010494,0.012854068312303207,-0.4087236471044968,3.267727649252532,79.23246360980761,IR021
2278,1.7592535384615384,-1.4492510769230769,0.014343937500000006,0.5800104825411009,0.5799046308667514,0.024413675998607425,-0.020521083412628368,3.033694584973532,40.428552541221755,IR021
2279,2.09136923076923,-2.149990153846154,0.005623651442307681,0.5700556849926932,0.5698050212973704,0.038678566396152206,1.5775509615220835,3.670324326043073,101.32296198349545,IR021
2280,1.5243526153846154,-1.238340923076923,0.011670034254807685,0.5262941579830464,0.5261665484753624,0.030045182967806762,-0.3676022281531495,2.897091462392716,45.0869754952603,IR021
2281,1.5285249230769231,-1.456344,0.005867918870192307,0.4990263002480241,0.4988170908648705,0.0772875706333302,-0.003858398678162178,3.064299421711275,85.00749616678374,IR021
2282,2.314170461538461,-2.059451076923077,0.006574644230769245,0.6686031155617544,0.6683089100319473,0.03836904698396237,0.4512277516565919,3.4627257347621425,101.64944087837799,IR021
2283,1.8754523076923082,-1.760713846153846,0.009097586538461546,0.5997341725272509,0.5995102940945497,0.05051117620202018,0.43839620864578205,3.1283070969195528,65.89772920103823,IR021
2284,1.5418763076923077,-1.6522338461538462,0.0016253257211538467,0.5358938810812282,0.5356346161762205,-0.009098454198271079,-0.14466524651646573,2.8785972025098534,329.5552449609696,IR021
2285,1.7867907692307692,-1.4876363076923076,0.014633228365384603,0.4885927891107406,0.4885733487390831,0.11668126679886727,0.06780370657693657,3.657159715817786,33.38793986806219,IR021
2286,1.524144,-1.4640627692307693,0.005174028245192309,0.5599327642709874,0.5596832091523699,-0.015540876628480174,-0.1665550994158167,2.7232262377645533,108.1716570976252,IR021
2287,2.349635076923077,-2.3890633846153846,0.005680694711538469,0.5884961165759018,0.588236125117354,0.048389600760904525,2.7199445917348912,3.994373987919088,103.5500330483427,IR021
2288,1.608841846153846,-1.4607249230769233,0.011199834735576921,0.5580505490580889,0.5578904284022256,0.027193799404123583,-0.2866444156661845,2.883795391079752,49.812380412190784,IR021
2289,1.5779667692307693,-2.063414769230769,-0.004708921874999993,0.4972491452896513,0.4970285955588683,-0.16510947191291064,0.8988343856884047,3.1748007726929153,-105.55040171671335,IR021
2290,2.4618701538461543,-2.2568012307692307,0.016344730168269206,0.6579961899299032,0.6578778949446571,0.12712471994068025,1.024627089479118,3.742138431407936,40.25015330151038,IR021
2291,1.9793427692307688,-1.6822744615384613,0.005130227163461535,0.5983411287028254,0.5980709024276013,0.0886328565876419,0.5091620559431602,3.3095453418591547,116.57785968761331,IR021
2292,1.744441846153846,-1.899025846153846,0.006523509014423067,0.6017135022155998,0.6014550037540133,0.006796466127440882,-0.02161019228522898,2.9003696623451787,92.19807965685861,IR021
2293,1.7471538461538465,-1.5212233846153846,0.008176541466346153,0.5243945611713039,0.5242022195972343,0.053357857418474285,0.18102042740117552,3.3329768185572637,64.11050708356333,IR021
2294,1.3845803076923078,-1.5064116923076922,0.002772302884615392,0.5075978591675421,0.5073575223754313,-0.0041935829761983465,-0.09919400759540677,2.729003211009365,183.00941256850373,IR021
2295,2.63064,-2.3836393846153845,0.007985242788461548,0.658086412910187,0.6578134716557222,0.07742387280932518,1.601523378587857,3.9990667770586334,82.3786438411421,IR021
2296,1.7287956923076924,-1.676016,0.0036432313701923054,0.6028167011724274,0.6025332997251529,0.03537272928775888,-0.1667835278145695,2.8692118644667213,165.38430818719826,IR021
2297,2.255132307692308,-1.8358153846153848,0.010575822115384602,0.5424728269996142,0.5423110144465879,0.11916608359724552,1.1507016846472542,4.158374526089245,51.27837897894393,IR021
2298,1.4164984615384617,-1.3101046153846152,0.009210858173076923,0.40522701569895214,0.4051338221788053,0.024471756110769526,0.6789318435525096,3.4963717764183415,43.984373069927386,IR021
2299,1.7154443076923076,-1.9048670769230769,-0.0015874326923077024,0.6015487277739424,0.6012570266294599,-0.0723096566844849,0.2615888405278266,2.8530964823958627,-378.76064260424994,IR021
2300,1.7880424615384614,-1.5735858461538461,0.01738434374999999,0.5698316183489085,0.5698185596748767,0.1406698782185817,-0.03927148149327397,3.1379154490135783,32.77768593795075,IR021
2301,1.6580750769230768,-1.3622584615384614,0.004342418870192304,0.4702826563698118,0.470073027603057,0.12278265918203014,0.26647794765348376,3.52727125267694,108.25142429943425,IR021
2302,1.698337846153846,-1.6655852307692307,0.00733596814903845,0.5818547840161468,0.5816168721796586,0.027368636922778817,-0.08612000616141602,2.9200285056882564,79.28290586374658,IR021
2303,2.294352,-2.207150769230769,0.011411709735576913,0.6306349236661768,0.6304302140307632,0.010322798359828892,0.9703276186145516,3.6393433387823673,55.244150844929635,IR021
2304,1.7834529230769232,-1.5552276923076924,0.008543655649038459,0.5137073552900496,0.5135275364855495,0.03830719128449577,-0.11041837989760994,3.47294506402211,60.10630081320565,IR021
2305,2.352764307692308,-2.0632061538461537,0.011719947115384606,0.6306047497682612,0.6304057149579047,0.012648133086325716,0.557914885864121,3.732143049891948,53.789126243614206,IR021
2306,2.4168092307692306,-2.746630153846154,0.0038954441105769314,0.623758195546822,0.6234657213020808,-0.019691589688636543,3.730149880901239,3.8764107603571705,160.04997212236808,IR021
2307,1.899025846153846,-1.9624449230769232,0.011269101562500014,0.6998494415805816,0.6995984017456939,0.01607376554199315,-0.02780494880968787,2.714451378698472,62.08111603801096,IR021
2308,1.6872812307692306,-1.684777846153846,0.010415489783653857,0.6236473823044453,0.6234298031968085,0.02236050017067069,-0.15267344832310226,2.7064494224004534,59.85602368649275,IR021
2309,2.244284307692308,-2.140393846153846,0.006876158653846153,0.5284571495568351,0.5282438062448056,0.14781763082910776,1.4569107940072108,4.2485766632012965,76.82251571512744,IR021
2310,1.8725316923076925,-1.7947181538461536,0.010698872596153873,0.5392496707238641,0.5390924767038903,0.0008821566847684672,0.20294640524345509,3.4734888228392515,50.387783559333904,IR021
2311,2.547819692307692,-2.6273021538461543,0.00814129687500001,0.6718885693244735,0.6716097650751738,-0.04402110967766969,1.9276925974393369,3.7936013214794637,82.49419906766059,IR021
2312,1.8260104615384607,-1.5320713846153846,0.010980218149038466,0.535893357314623,0.5357441597768413,-0.0027419106072636176,-0.17473127138702438,3.408362794470904,48.79175918957095,IR021
2313,1.8268449230769237,-1.6943741538461539,0.011553095552884616,0.6293922018641597,0.6291908833127449,-0.004412418267227771,0.01736822733029619,2.9034828245737216,54.46080493601097,IR021
2314,2.0713421538461536,-2.294977846153846,0.007310094951923074,0.655056373786475,0.654777251038869,0.002339546556175779,0.5937907674387826,3.1634302360990154,89.57164788490418,IR021
2315,1.8166227692307693,-1.6797710769230767,0.010953937500000007,0.6326602872038324,0.632446163545807,0.0016819977871256769,-0.28852266814357463,2.87237534819704,57.73687895752615,IR021
2316,1.9449212307692307,-1.4457046153846154,0.007389751802884625,0.5519230092407703,0.5517029427699016,0.02725789554793451,-0.3358093854005699,3.5253051597014915,74.6578447404068,IR021
2317,1.8702369230769231,-1.7819926153846153,0.0141283954326923,0.543253445441529,0.543171897479548,0.05932245893912695,-0.15051117549177914,3.4431768870136423,38.44540592505496,IR021
2318,1.8404049230769235,-1.638048,0.006332617788461554,0.5592718388079542,0.5590345585383756,0.06176092291547231,0.19365841649255566,3.292112973997092,88.27858828887058,IR021
2319,2.1583347692307693,-2.3371181538461543,0.008898546274038448,0.6611050630483156,0.6608420932424236,-0.0679568600303534,0.6423417674786869,3.266037062864585,74.26405087878608,IR021
2320,1.8550080000000002,-1.664750769230769,0.012693146033653848,0.500382186395043,0.5002988451127692,0.016522141279444458,0.4079099827983632,3.7077998842509303,39.41488136875656,IR021
2321,2.365281230769231,-2.067587076923077,0.007404827524038472,0.7232568572018654,0.7229415416520382,0.059329918020756815,0.38453735560127056,3.2717461848494436,97.63111150194052,IR021
2322,2.4026233846153846,-2.7042812307692303,0.015549995192307684,0.6978356644800786,0.6976681559479001,-0.012738750467560615,1.7014478805105415,3.4437910977189645,44.866133225110225,IR021
2323,2.1808652307692307,-1.9355335384615384,0.009793921875000007,0.6962220725652234,0.6959509543097523,0.026575609073502968,-0.17426506071135606,3.13364787743157,71.05947578428605,IR021
2324,2.276828307692308,-1.867316307692308,0.008395546875000005,0.5260170365032998,0.5258271569538467,0.17441674813437213,1.3375287417531423,4.3299937585615265,62.63167424145272,IR021
2325,1.906536,-1.9006947692307687,0.014304822115384587,0.5298566439946812,0.5297910183181717,0.03861273759226401,0.8083492287409619,3.598656704396996,37.03583407362966,IR021
2326,2.2467876923076924,-2.405961230769231,0.00878751562500002,0.603793123519862,0.6035622046015918,-0.12286242353842727,1.5622683723640796,3.7225453734148,68.68405478386737,IR021
2327,2.2613907692307693,-2.1091015384615384,0.012579466947115384,0.6117603286381864,0.6115909282234774,0.052727116581114036,0.8885376914698521,3.697554467983295,48.61819112007144,IR021
2328,1.61364,-1.2940412307692306,0.008011930889423072,0.4501681949798483,0.4500196585111546,0.04432464988067615,0.1114382817220232,3.5857100228433754,56.16868951094508,IR021
2329,2.3093723076923074,-2.228012307692308,0.016539492187499973,0.7237579309044563,0.7235934970461853,0.009807884432660046,0.060713081708688936,3.1915327005003546,43.74943854642975,IR021
2330,2.1358043076923074,-2.248248,0.010998757211538469,0.6048718581740424,0.6046764776172515,0.03384427171318967,1.224723043336624,3.5321438599836363,54.9768001954715,IR021
2331,1.9213476923076924,-1.7406867692307693,0.011317792067307672,0.5713271206962557,0.5711602287673265,0.0035380285968551217,-0.2134029910394153,3.3639381657478666,50.465693782903784,IR021
2332,1.5420849230769231,-1.2245723076923076,0.013299027043269223,0.4214077960718711,0.42141187965848176,0.1087513609053221,0.8504366429032157,3.6593295004560638,31.68742181570062,IR021
2333,1.6240707692307692,-1.6578664615384613,0.011345498798076926,0.4978249973559113,0.4977111884583748,0.022784059843048387,0.4204160219317776,3.2630786827622127,43.86860351549615,IR021
2334,1.8105729230769232,-1.8854658461538465,0.014778281250000028,0.6017795923929672,0.6016672039963546,-0.015717258630720418,0.6623672240921503,3.0092597885522987,40.71293500361239,IR021
2335,1.3643446153846153,-1.6340843076923075,0.015479506009615403,0.4823724047505601,0.4823852426694821,0.003823857321953563,0.12567633079121746,2.828329921194188,31.162831835191568,IR021
2336,1.5856855384615385,-1.3053064615384615,0.010245378605769231,0.4829823241268279,0.4828551424465318,0.04601696564966736,0.025276353886711792,3.283977737975788,47.12906775105737,IR021
2337,2.240112,-2.224883076923077,0.017570753004807673,0.7035808021174816,0.7034566459241921,0.02576793406441049,0.06524570025678589,3.1844350508011345,40.035657306873176,IR021
2338,2.554912615384616,-2.7188843076923077,0.010468458533653864,0.7029542692739073,0.7026889284216089,0.05179718152417388,1.6320791552975704,3.635908454006101,67.1243933538652,IR021
2339,1.9027809230769237,-1.7959698461538462,0.01578978064903846,0.5121179181526281,0.5121112782727946,0.013794550236518785,0.4884391401103021,3.7155614488602184,32.4330837555986,IR021
2340,1.640342769230769,-1.3764443076923074,0.01466888040865386,0.4422039413446087,0.4422313201680127,0.09606968297302164,0.6378190033742452,3.709241508737033,30.147585081348115,IR021
2341,2.086779692307692,-2.2784972307692306,0.010181204927884605,0.6261931226171578,0.6259700920823325,0.02656326974368821,0.7197976327336217,3.3336731557986683,61.48290860622065,IR021
2342,2.167513846153846,-2.3024880000000003,0.01796170312499998,0.6716397135928791,0.6715519342563318,-0.05023044518836912,0.9910756045938468,3.2276190947973724,37.387987630283945,IR021
2343,1.852296,-1.4811692307692306,0.011328996995192304,0.4820749207385858,0.4819726402353642,0.006000319133748148,0.4372225753387724,3.8431559083840496,42.5432754938411,IR021
2344,1.552307076923077,-1.5531415384615384,0.00931761057692308,0.5802364171944939,0.5800278736488705,0.02252281050477874,-0.3864632362909046,2.6762628960531503,62.250709971226456,IR021
2345,1.7746910769230768,-1.9248941538461537,0.01032951742788461,0.5440176872094032,0.5438500934393551,-0.03885467689848191,0.3394643301193021,3.2631989923910405,52.6500968933193,IR021
2346,2.634395076923077,-2.454568615384616,0.014772984375000018,0.7210588315334701,0.7208580578193359,0.012848152189995896,1.0419365161105771,3.65452678006038,48.79569621959578,IR021
2347,1.941374769230769,-1.7696843076923077,0.012009441706730779,0.5457582488594778,0.5456238830273781,-0.004188396116306106,0.3288877559228416,3.5580824623348755,45.43290990134696,IR021
2348,1.7194080000000005,-1.447999384615385,0.010020465144230757,0.5001500516209529,0.5000061966379766,0.07095281784092404,0.018731521513176475,3.4387733823325326,49.89850166045967,IR021
2349,1.8725316923076925,-1.793049230769231,0.014681103966346159,0.5731580628671648,0.5730662170598391,0.016469616033681463,0.5407915766186897,3.2675660099366217,39.034272788578576,IR021
2350,1.9805944615384607,-1.9530572307692309,0.012834124399038452,0.6716634136161783,0.6714580385985571,-0.00657250870901451,0.3936036833961065,2.9496920845154917,52.3181806348132,IR021
2351,1.7383919999999995,-1.5771323076923076,0.004055368990384621,0.5489189934917516,0.5486658886550806,0.010351962789357676,-0.01031638283890235,3.1683981744541105,135.29370322552174,IR021
2352,1.36956,-1.0860516923076924,0.014896849759615385,0.44939901643688224,0.4494264857086661,0.047267927654059114,-0.3559891912158175,3.0473504422874553,30.169229935247035,IR021
2353,2.437044923076923,-2.2278036923076923,0.01092460096153845,0.6688335755985715,0.6685961747534246,-0.08320838459688659,0.8242309215464743,3.645017747784296,61.200969912522105,IR021
2354,2.092620923076923,-2.0060455384615383,0.01208359795673075,0.6168385163337196,0.6166556547586103,-0.0004695647315722266,0.13703602450790475,3.3934999329505526,51.03245382432834,IR021
2355,2.1696,-1.888803692307692,0.008359487379807694,0.5347846125860966,0.5345887871104924,0.07552925903984647,0.6120256222835416,4.058446514987551,63.94994846236497,IR021
2356,1.8867175384615384,-1.6876984615384614,0.01114931069711541,0.6081103109226479,0.6079155585879972,0.06291403846640614,-0.2838724599186997,3.1035848841306333,54.52494554172567,IR021
2357,1.8485409230769232,-1.9399144615384607,0.012474344350961515,0.5247459503871952,0.5246379867229856,-0.031219580105711887,1.0572964405073506,3.5234599282895087,42.057359646524965,IR021
2358,1.8721144615384613,-1.8506270769230768,0.009059286057692321,0.6014812843823394,0.6012557738626639,-0.032616963718598437,0.3165695987200969,3.1136739852182798,66.36900193168451,IR021
2359,2.569932923076923,-2.1721033846153848,0.009714672475961559,0.6023316422185682,0.6021158375899703,0.04960366121776205,1.3121030323718754,4.26817027993042,61.980045038046725,IR021
2360,1.2035021538461537,-1.1505138461538462,0.013526996394230769,0.4502240978947025,0.4502074711066172,-0.007470471236955003,-0.4061165363507748,2.6732167524628725,33.282146160594046,IR021
2361,2.3185513846153847,-2.1597950769230767,0.01190594891826922,0.7054021164772668,0.7051581154040858,0.02808575223942315,0.3181103177797344,3.2879879476204503,59.22737618351846,IR021
2362,1.4790830769230767,-1.3182406153846151,0.011160515625,0.5503441414690381,0.5501885596803899,-0.018235821193957485,-0.3058761403416965,2.688320305646288,49.2977724477125,IR021
2363,1.8750350769230768,-1.7678067692307693,0.008045749399038474,0.5471238404637687,0.5469158091306702,0.04459221635133027,0.33590456902744403,3.4283797352712653,67.97574495621636,IR021
2364,2.324392615384616,-1.899025846153846,0.013400890024038476,0.6552538302082651,0.6550708903182643,0.07074625139932758,-0.29769025852626063,3.5483069843865547,48.88264056664895,IR021
2365,1.952222769230769,-2.1253735384615378,0.008051249999999982,0.5572038021596271,0.5569898567062281,-0.0350350674003212,1.171215459141551,3.5049521023152588,69.18054422682557,IR021
2366,1.6829003076923077,-1.6334584615384613,0.014326620793269225,0.5852586557497249,0.5851482260863744,0.006291028174096058,-0.034603043687881474,2.8760239417420586,40.843422502065685,IR021
2367,1.8721144615384613,-1.4820036923076922,0.012502254807692318,0.4367766572441315,0.43674231773711897,0.02877299459692195,1.393312118136704,4.286542396986847,34.93308402804289,IR021
2368,1.225824,-1.1534344615384615,0.010414267427884608,0.4578406238218356,0.4577355007791546,0.08231288079574008,-0.3176414072395373,2.6780181959087943,43.95273157222273,IR021
2369,2.0951243076923074,-2.097001846153846,0.01947986899038462,0.6386514382171636,0.6386366797788608,-0.028295435408957275,0.3970895092459164,3.280620067763381,32.784444294471164,IR021
2370,2.2290553846153847,-1.6947913846153846,0.009155648437499995,0.5174307358604485,0.5172590577011518,0.07614761317423079,0.6173428671925887,4.309359790666496,56.49616859277227,IR021
2371,1.7488227692307692,-1.8668990769230769,0.006670191706730771,0.5687566628925279,0.5685180125203011,-0.02123013555458684,-0.22761966886637364,3.076107934519174,85.2326346102796,IR021
2372,2.3212633846153845,-1.8289310769230769,0.012806417668269222,0.5869561373053079,0.5868092267303028,0.1319250943694225,0.34919287127143184,3.9557377063572248,45.82149684093582,IR021
2373,2.512980923076923,-2.536763076923077,0.01383421514423078,0.7187234635537666,0.7185056340136827,0.0045557819377676275,0.7484893573587224,3.4975103939533865,51.936855580370086,IR021
2374,1.5621120000000002,-1.5145476923076924,0.011362815504807704,0.5058704636014821,0.5057510577016447,-0.07381455434747003,-0.07993531322355762,3.0886974455356038,44.509308233303386,IR021
2375,1.619689846153846,-1.7006326153846152,0.00895029266826922,0.5248856224898667,0.5247056095232939,0.010414374820559135,0.31641910161714115,3.0868544508707814,58.62440804684434,IR021
2376,1.5205975384615384,-1.296127384615385,0.01339090745192308,0.5172399360773026,0.5171607111200086,0.0542850521387549,-0.38933167135936403,2.9402804694277704,38.62028865308443,IR021
2377,3.1870172307692317,-2.6368984615384607,0.009467756610576913,0.7684399789894624,0.7681230237188796,0.04326039856434855,1.446937983303214,4.1490973872118015,81.13041508278427,IR021
2378,1.935742153846154,-1.6557803076923077,0.004359939302884624,0.533667002116907,0.5334241771433116,0.07994444650994673,0.6255034031852271,3.6288984204142873,122.34669798966866,IR021
2379,1.4851329230769232,-1.5679532307692308,0.01467641826923076,0.5381380416341434,0.5380754072438401,0.046547829170624194,-0.09571470342432063,2.7600832580031005,36.66258329335842,IR021
2380,2.134969846153846,-2.364864,0.011566134014423078,0.6325969655168164,0.6323937827886973,-0.08579828433170139,0.3777265591950907,3.3760133389344316,54.676331953278115,IR021
2381,2.366324307692308,-2.153953846153846,0.013776153245192298,0.6011301860232182,0.6009945047688994,0.13374891840898967,0.9410780021744296,3.9373476611108638,43.625712785870675,IR021
2382,1.7014670769230769,-1.7319249230769231,0.009519095552884623,0.6070761791339251,0.6068543455029604,-0.006671061489632553,-0.10968462065704497,2.8037486911507608,63.751261044864904,IR021
2383,1.5888147692307693,-1.4621852307692311,0.0068085216346153755,0.4957982705255758,0.4956028918485933,-0.02187513837075124,-0.08339979481330273,3.2058222326034214,72.7915571757731,IR021
2384,1.3797821538461539,-1.2738055384615383,0.013417188100961552,0.499546335210719,0.4994825964586045,0.07265291155443207,-0.29980849094242945,2.7624228824567383,37.227069688529504,IR021
2385,2.6012252307692307,-2.477724923076923,0.010188131610576915,0.7591243780053712,0.7588220185329433,0.026038926820277544,0.5357352882125146,3.42797805972772,74.48097919594643,IR021
2386,2.2866332307692305,-1.985809846153846,0.010057339543269218,0.5640095390026442,0.5638237836698331,0.04620736223350425,1.0182624858842422,4.0555813660181625,56.06092756877906,IR021
2387,1.6564061538461536,-1.382076923076923,0.011487088341346144,0.584844744161709,0.5846719603666305,0.03665365603572074,-0.5703586100436726,2.8330521491187475,50.89818611929593,IR021
2388,2.614576615384616,-2.587665230769231,0.010095232572115372,0.7257094612875321,0.7254252719329921,0.045470689092676084,1.3424874849192283,3.6041984151141135,71.85820304296222,IR021
2389,1.7936750769230767,-1.5435452307692308,0.011913079326923063,0.5768970991450311,0.5767383934146729,0.02018170337896017,-0.10516437992488692,3.1100323775972902,48.41220121075396,IR021
2390,1.9036153846153845,-1.7874166153846154,0.006726623798076922,0.5386130112865744,0.5383919749874813,-0.007629934808635177,0.6966099476579353,3.5357424944152402,80.03896027921202,IR021
2391,1.7079341538461539,-1.7206596923076922,0.013933633413461544,0.6146688735477079,0.6145266532296658,0.008751918589760847,-0.4143133250639664,2.7792678232425687,44.1038338669051,IR021
2392,1.7653033846153847,-1.5516812307692307,0.01224922716346153,0.5249748817929304,0.5248614396161128,-0.019563615685906758,0.3323564709485698,3.363370313327913,42.84853506364325,IR021
2393,2.2574270769230766,-2.2574270769230766,0.010614733774038444,0.6753781114881725,0.6751317065098613,-0.014149674270977644,0.7904857000081518,3.343683988110997,63.60326324538643,IR021
2394,2.31876,-2.218833230769231,0.012616137620192305,0.6492999146115255,0.649105412616766,-0.008450377470566374,0.44464607947220136,3.5722395082984817,51.45040678518469,IR021
2395,1.575254769230769,-1.4947292307692308,0.0064104411057692295,0.5520373201060101,0.5518049418117751,0.029044740970692925,-0.2464734211434907,2.854731173770641,86.07909076883415,IR021
2396,2.1933821538461538,-2.4727181538461536,0.015232386418269234,0.6787438744783899,0.6785833603830623,-0.048320731149447266,1.074272567425556,3.2322958119809817,44.548722816616,IR021
2397,1.8694024615384617,-1.8831710769230767,0.010055506009615406,0.5960996927400426,0.5958934050672117,-0.033540344497522245,0.48316045434621996,3.137142390974455,59.260409620102536,IR021
2398,1.3236646153846154,-1.5397901538461538,0.015262741586538472,0.4505210239177106,0.4505595767155204,-0.023540582680640392,0.2534955987645433,2.9378237280712964,29.520225718353753,IR021
2399,1.9392886153846152,-1.5967421538461537,0.016337803485576927,0.5468571471675621,0.5468341791989133,0.043224799062143535,-0.03581540270967798,3.5463924698810585,33.4704833291489,IR021
2400,1.9344904615384613,-1.985184,0.0031314717548076893,0.5971355995197519,0.5968521731015034,-0.03239719762647611,1.202487725926118,3.2411550945454515,190.5979743183593,IR021
2401,1.6843606153846151,-1.8064006153846155,0.020207374399038462,0.5560644562803544,0.5561601000556584,0.009670511543725238,-0.06541529898604859,3.028553496045564,27.522630554225913,IR021
2402,2.311458461538461,-1.912168615384616,0.009869096754807686,0.5840805819041353,0.583878729539066,0.003083484550361064,0.5765509102468078,3.958798881684225,59.162327013830534,IR021
2403,1.7667636923076924,-1.5579396923076922,0.017631870793269232,0.6483782580572571,0.6483014013685714,0.046162955027242936,-0.5918337230337869,2.7252196101659427,36.76872459932347,IR021
2404,2.664852923076923,-2.855318769230769,0.010444418870192314,0.7974392338835646,0.7971181922497876,0.007489951310433289,1.1571542565641533,3.3431089002694043,76.32001379461241,IR021
2405,1.8214209230769232,-1.4158726153846153,0.01385927343750002,0.5066106823592684,0.5065528836107556,0.015127093276776925,0.2465861384250725,3.5957172133611537,36.549743094045574,IR021
2406,1.2727624615384614,-1.3251249230769229,0.016342285456730773,0.4846646016627285,0.4847034682011652,0.05095137351890765,-0.33184723091215096,2.6258579627291425,29.659466510024405,IR021
2407,2.2115316923076924,-1.7563329230769231,0.00416089903846155,0.6235056309825864,0.6232150007993782,0.005777374286085855,0.03447789010024893,3.5485854632366527,149.77892879366897,IR021
2408,1.7746910769230768,-1.8610578461538465,0.01747540925480766,0.5917980029014063,0.5917670569455642,0.07404177005343514,0.4952493073350959,2.998969030285726,33.86284397218127,IR021
2409,1.774273846153846,-1.9015292307692309,0.013509272235576924,0.5835597760467495,0.5834311888280053,-0.014155073785935118,0.2633955911409114,3.0411021558823452,43.187462555645894,IR021
2410,2.4629132307692307,-1.998326769230769,0.011286825721153842,0.6038981577725613,0.6037087310142423,0.07752325682384817,0.4920906567486338,4.079638249775663,53.487911121261256,IR021
2411,1.6545286153846157,-1.4713643076923075,0.01251508954326923,0.6195091100685947,0.6193330029160073,0.03620243054874201,-0.5854786697397247,2.6714685114382632,49.48690145402054,IR021
2412,2.355267692307692,-2.3246012307692308,0.008565658052884608,0.7179467632314612,0.7176472382582149,0.035775152371085826,0.2846565527079341,3.2819295703333413,83.78191539137346,IR021
2413,1.3299230769230768,-1.2909119999999998,0.014254501802884631,0.5150319831543603,0.5149777602313952,-0.04655197968380356,-0.1939081749875924,2.5824864287838407,36.127376975544735,IR021
2414,1.4438270769230768,-1.5224750769230768,0.007902122596153839,0.5304385267143985,0.5302383460546289,0.031928718032467045,-0.16459468912640585,2.7229774829871003,67.1007491471607,IR021
2415,2.295395076923077,-2.593715076923077,0.0068671947115384714,0.6697212234948052,0.6694293550372828,0.005850307888360874,1.7801533590476009,3.4288832117247656,97.48221554173892,IR021
2416,2.017728,-1.9303181538461536,0.01738108413461539,0.5897573956419649,0.5897255513372099,0.01524564449654199,1.1253585926604623,3.4214695215847035,33.92915808759817,IR021
2417,1.5352006153846154,-1.6071729230769232,0.006279852764423074,0.5205692029354758,0.5203528520941243,0.0315839708170053,0.22049943295208685,2.950306910409554,82.86067709135673,IR021
2418,2.057364923076923,-1.7294215384615386,0.015088963341346146,0.5912560566179387,0.5911598861104891,0.02222414438872921,-0.07221604521567747,3.480217402119868,39.17829692717309,IR021
2419,2.5544953846153846,-1.5917353846153846,0.011612379807692315,0.5635381014091949,0.5633825583752973,0.2625335384817332,0.7993343434887209,4.534210984419058,48.51568478685992,IR021
2420,2.4364190769230767,-2.272656,0.004830749999999999,0.682606817249704,0.6822905332671317,-0.010211702635584309,0.7309913257718454,3.570940762223892,141.2390484432297,IR021
2421,1.7342196923076918,-1.4961895384615385,0.010064877403846149,0.4827115782483949,0.4825807914197108,0.011653998493346486,0.26228548068173874,3.5936359737936687,47.94701137992,IR021
2422,1.494312,-1.361424,0.01352251442307693,0.5375895809885148,0.5374971506190381,0.02817928776176833,-0.4951794377418968,2.780130086790216,39.7483140932554,IR021
2423,2.8932867692307696,-3.1142104615384616,0.010865927884615387,0.7669291978892557,0.7666316377813228,-0.0353802460666176,2.235403962476714,3.7740247423183737,70.55372039296931,IR021
2424,1.8038972307692307,-1.9438781538461536,0.012730224158653844,0.6071276695346536,0.6069646619623017,-0.02434016669712849,0.8037733266980527,2.9719971257260283,47.679023903887426,IR021
2425,1.7751083076923075,-1.863769846153846,0.010724745793269236,0.5628239081436744,0.5626512466113993,0.015558424763596632,0.6822099386048871,3.154899804066912,52.46289818491686,IR021
2426,2.211948923076924,-1.823715692307692,0.011098582932692313,0.5438510209073879,0.5436986939047521,0.1094781550725466,0.6635626739721556,4.0683359144953615,48.98811832123336,IR021
2427,2.5601279999999997,-2.1335095384615386,0.005502027043269227,0.7142397278365887,0.7139120947997287,0.09700018115390012,0.027474070951741147,3.586054948008948,129.75437764761188,IR021
2428,2.4612443076923074,-2.5144412307692305,0.017911382812499998,0.6463946165655704,0.6463271499447968,-0.06899393745045625,1.7716957531219668,3.808047221755305,36.08471532939031,IR021
2429,1.7667636923076924,-1.5377040000000002,0.01310324639423078,0.5618287094122756,0.5617071660297851,-0.007322286207832125,-0.1727419051972925,3.1453465420343387,42.86778628211545,IR021
2430,1.5575224615384615,-1.2998824615384617,0.00908862259615385,0.5178687093759418,0.5176955677495245,0.060574545021427915,-0.21761109594841788,3.0085682755778085,56.96083892498787,IR021
2431,2.8496861538461538,-2.844888,0.012060984374999991,0.8104577114557429,0.8101516663116279,-0.0028793169602496275,1.1760186193932158,3.517472434291101,67.1712723540966,IR021
2432,1.979134153846153,-1.7277526153846154,0.00867016947115384,0.6206707772674152,0.6204282249049059,0.04946637836473425,0.5432126781835951,3.1899486103319985,71.55895014152917,IR021
2433,1.4275550769230767,-1.6094676923076925,0.008355412860576925,0.5429968056451926,0.5427959181645944,0.005299748409792545,-0.1493830983375597,2.6300033385479384,64.9633868753094,IR021
2434,2.2926830769230766,-2.1103532307692308,0.013521699519230771,0.6997607629688414,0.6995496931238043,-0.0006992917053255166,-0.14029943482150298,3.2773698558642983,51.7353378640676,IR021
2435,2.698022769230769,-2.4211901538461538,0.008612107572115373,0.6453343459381891,0.6450766549206027,0.14836857314070565,1.369438798478147,4.182483970936518,74.90345998571335,IR021
2436,2.189835692307692,-2.2449101538461536,0.011228967548076915,0.5542634269997643,0.5541065136428707,-0.049724641242196686,2.2060614166094696,3.9520121824791823,49.34616751455191,IR021
2437,1.6418030769230767,-1.3931335384615384,0.012087468749999998,0.529669130283033,0.5295484118230016,-0.08290878530015239,-0.4692915849737362,3.1003833460118835,43.809702657804316,IR021
2438,1.7970129230769232,-1.4926430769230767,0.011721576923076932,0.598103309409717,0.5979260997511185,0.0514843626091957,-0.17105997592740074,3.0054097384692087,51.010721823097676,IR021
2439,2.6842541538461537,-3.0779113846153847,0.010406933293269222,0.7833518703884235,0.7830384403973099,-0.01684531836822586,1.9144955022184948,3.427997931345716,75.24199668924055,IR021
2440,1.6628732307692309,-1.6758073846153847,0.009165019831730771,0.5379724184069496,0.5377877735504647,-0.012820057316051792,0.5706101558890437,3.0920621712743177,58.67829894798014,IR021
2441,1.7093944615384615,-1.9397058461538461,0.01926697536057691,0.5655454095880238,0.5655974551950054,-0.014575109982911325,0.5733103071893404,3.0222810336887043,29.35579895702268,IR021
2442,2.2860073846153846,-1.8589716923076918,0.00855384194711538,0.642764674668127,0.6425076901529366,0.051396760614862216,-0.17233217991727925,3.557945561820816,75.11334604091087,IR021
2443,2.2709870769230767,-2.0832332307692307,0.013076150841346137,0.6042207060032174,0.6040671496176313,0.0968561462723702,1.4656301780555463,3.7594944177325154,46.19609829733695,IR021
2444,2.115985846153846,-2.3694535384615385,0.006036603966346146,0.6236736667601501,0.6233982922756017,-0.033131182873376123,1.2311826734081297,3.3942759747220763,103.26970193026165,IR021
2445,1.7225372307692308,-1.5224750769230768,0.013982731370192306,0.5682898189991535,0.5681843460134072,-0.006352394592638246,-0.4214851844565066,3.031652038383657,40.634717993984665,IR021
2446,2.6364812307692307,-2.135178461538461,0.016330265625,0.6870742204058007,0.6869327879064815,0.08788250781504937,0.42597602372257537,3.838048317367782,42.06501006663702,IR021
2447,2.245118769230769,-2.527584,0.008051046274038454,0.6767657536622486,0.6764831316776274,-0.030780245813744764,1.3398040514441734,3.3188096851181537,84.02425084290309,IR021
2448,2.1608381538461536,-1.9532658461538461,0.013305750000000005,0.5929366938638361,0.5927964507350971,0.07005783845608791,0.7268649181418865,3.645160410738976,44.551900549393814,IR021
2449,1.382494153846154,-1.3651790769230767,0.007688414062499997,0.4842473770502108,0.4840719309745469,0.013515956556249669,-0.32427494263874834,2.8559684323420256,62.961220225585,IR021
2450,2.5382233846153848,-2.057573538461538,0.014345974759615406,0.707323989060722,0.7071240705970014,0.05726496714262792,0.4905439616384704,3.5895021682297523,49.29076500173338,IR021
2451,2.827781538461538,-2.4791852307692306,0.007919643028846152,0.6395237376149678,0.6392604530433534,0.15334873169921753,1.909091698866673,4.423520217775403,80.71834181350596,IR021
2452,1.9203046153846155,-2.0809384615384614,0.009233268028846144,0.6174760668946712,0.6172435547703313,-0.019076266710383462,0.5585858362936769,3.1110970710729204,66.84995527498693,IR021
2453,1.670800615384615,-1.378321846153846,0.017330356370192306,0.5341772837245848,0.5341975796565971,0.03414627549532135,-0.360261413251759,3.1276828630685114,30.824385156637682,IR021
2454,1.9236424615384613,-1.8379015384615385,0.005514658052884621,0.683426599841481,0.6831150736918491,0.04225048041488666,-0.5596462147236316,2.8159859672577072,123.87260771944395,IR021
2455,2.8480172307692304,-2.8624116923076923,0.014668880408653837,0.6934433369015899,0.6932598676731753,0.014273699000121709,3.272972604377813,4.10815245995442,47.260584881733024,IR021
2456,2.3565193846153845,-2.0648750769230766,0.007049529447115384,0.6495541280468825,0.6492751568681473,0.015197859131868656,0.21365051805193547,3.629461807814,92.10191428221157,IR021
2457,1.4094055384615385,-1.3666393846153846,0.01211476802884613,0.5259177143703442,0.5258004402962067,0.08182312832739258,-0.4808366080897479,2.68049516593702,43.401610253224675,IR021
2458,2.478976615384616,-2.0642492307692306,0.012574373798076912,0.6573305896315599,0.6571298672217308,0.036443531019738205,0.8552513460832971,3.7724302897164637,52.25945067119209,IR021
2459,2.6807076923076925,-2.2778713846153846,0.009586528846153849,0.6466187518788311,0.6463740369133629,0.14105153977579532,1.4618811660117403,4.147301004088755,67.42524299321235,IR021
2460,1.9098738461538465,-2.092829538461538,0.01542388882211539,0.5997098859681245,0.5996153942899437,-0.0406099625969581,0.6657015160944595,3.1851647978709634,38.875759622319826,IR021
2461,1.6897846153846154,-1.412326153846154,0.008986963341346162,0.5279729509969887,0.5277916069701537,0.006361537334563796,-0.2911855700653567,3.2016132751428383,58.728581270822836,IR021
2462,2.542812923076923,-1.9046584615384616,0.014898072115384615,0.6676035822944516,0.6674438156638373,0.12048827241924212,0.2024130055320752,3.8097782366113466,44.80068363842835,IR021
2463,2.646494769230769,-2.8563618461538463,0.01033073978365384,0.6992115035489641,0.6989463589360906,-0.029934400578777214,2.2566115685283226,3.7864061174296153,67.65695134844282,IR021
2464,1.6530683076923078,-1.6392996923076923,0.0091291640625,0.5990085451381305,0.5987855853193212,-0.030151136075543532,-0.2599350430694902,2.7607015736872778,65.59040687843057,IR021
2465,1.4477907692307692,-1.2854879999999995,0.020314126802884608,0.4803262948742586,0.4805212870310524,0.13668094455898305,-0.0663734356194583,3.0129586520008003,23.65453812973237,IR021
2466,2.050480615384616,-2.2036043076923075,0.01166697836538462,0.6472558038707157,0.647044877006907,0.002915358520486968,0.6536222348633611,3.1689928909872624,55.45950774423813,IR021
2467,3.0272178461538464,-2.6310572307692306,0.013378683894230765,0.6937314653898948,0.6935217022691892,0.1248742845625513,1.616060204290533,4.364993678278344,51.837812131001456,IR021
2468,1.7260836923076923,-1.8053575384615383,0.01831903846153848,0.5866333852336205,0.5866329711698749,0.006657672005290586,0.08024450330893718,2.9423571076571142,32.023131148588035,IR021
2469,1.8500012307692304,-1.5477175384615385,0.010811329326923084,0.543459106584094,0.5433012606137988,0.033107048814309134,-0.036710665766252586,3.405111242847435,50.25295633727799,IR021
2470,2.124956307692308,-1.7817839999999998,0.01579304026442306,0.5956290933881108,0.5955476286664795,0.10631366646056904,0.28542347276515434,3.5680711422701896,37.70949853196208,IR021
2471,2.6819593846153844,-3.000932307692308,0.012807436298076937,0.7318587232907453,0.7316133935476733,-0.03696838874885429,2.347988235186599,3.665815044213816,57.124109503283385,IR021
2472,1.9872701538461537,-1.7544553846153843,0.01578692848557693,0.7215145082711946,0.7213348949964911,0.009056492395708705,-0.539855224335402,2.7549896277454047,45.69190869873824,IR021
2473,2.2492910769230767,-1.8671076923076924,0.02025280528846153,0.5999280639955005,0.5999769827971683,0.10904919774254017,0.4237722543089095,3.748962279247111,29.62438902915777,IR021
2474,1.9999956923076925,-2.228846769230769,0.007978316105769235,0.636641463918384,0.6363805420208359,-0.0766222124158574,0.4966407599602074,3.1427668827784645,79.76376638682693,IR021
2475,2.578694769230769,-2.2609735384615384,0.016144263822115392,0.6950776492088969,0.6949257270917081,0.0759986990758327,0.7669446961799697,3.7107487443625233,43.04474547422575,IR021
2476,1.992902769230769,-2.023360615384615,0.014010438100961538,0.6591108288115813,0.6589378816190583,-0.02333061233666861,0.13977017528627922,3.024416754329045,47.03192554512877,IR021
2477,1.7684326153846155,-1.686655384615385,0.011779842548076928,0.5696352857522449,0.5694789234097115,0.051645314738069575,-0.2842727788784516,3.1053521784375446,48.343508929385436,IR021
2478,2.234270769230769,-1.882128,0.018060510216346137,0.6251064378965193,0.6250621097637021,0.054631074463836214,0.13624825219140613,3.5744780147934585,34.609327326642926,IR021
2479,2.561379692307692,-2.7211790769230766,0.010598231971153857,0.7069210053347923,0.7066552239882158,-0.06456368409570082,1.3693102074417904,3.6246525962856326,66.67670852191023,IR021
2480,2.4019975384615377,-2.030662153846154,0.013699552283653832,0.6917563547638792,0.6915542066300916,0.0352135648125055,-0.059405376559352074,3.4733322643879925,50.48005893267381,IR021
2481,2.4034578461538456,-2.0494375384615378,0.009926547475961521,0.7152287913457692,0.7149483880644815,0.057905410026883215,-0.13065527029278234,3.3617221694289308,72.02387232779834,IR021
2482,2.1174461538461538,-2.2880935384615384,0.014079501201923075,0.6201513662729131,0.6200083672836881,-0.030483733094990213,0.975474791638848,3.415189641912212,44.036245204411294,IR021
2483,2.5632572307692305,-2.182742769230769,0.01562598497596154,0.6632936923058088,0.6631538634922929,0.0736580670812843,0.5647620432484768,3.8652526538421057,42.4391719633972,IR021
2484,1.5306110769230767,-1.395636923076923,0.014043237980769232,0.5239305095440298,0.523862884592404,0.043782101706125,-0.08907760996459403,2.9217780490671363,37.303568116539815,IR021
2485,1.8610578461538465,-1.7548726153846153,0.015107706129807687,0.5884888665627057,0.5883954338382306,0.03599544392457224,0.005031454067488284,3.1629372682479264,38.94670896975678,IR021
2486,1.7867907692307692,-1.6632904615384614,0.014587797475961534,0.5670428859834301,0.5669536460623407,0.056510978695932475,0.25718546239074497,3.1515641210539083,38.86492439976589,IR021
2487,2.0702990769230767,-2.1673052307692307,0.015008084134615384,0.6229981425803862,0.6228747051225787,-0.043031177292516695,0.8545179044519178,3.3237809464676404,41.502612827572705,IR021
2488,2.1752326153846155,-1.7644689230769233,0.0111694795673077,0.63836817783859,0.6381541545175698,0.046370227857376725,0.20895649246910164,3.408631911248846,57.13374116242653,IR021
2489,2.2866332307692305,-1.9856012307692308,0.009550265624999985,0.6448160843486755,0.6445719102255285,0.11402850143372616,0.5389190687435144,3.5475223082078817,67.49256361396017,IR021
2490,2.399911384615385,-2.476264615384616,0.01985818810096154,0.6146912740275876,0.6147119003147953,0.009425088903681142,2.403281137935787,3.9041238397798788,30.955084985071252,IR021
2491,1.9939458461538464,-1.8487495384615384,0.012559909254807695,0.5874155578203358,0.5872629897470242,0.01786538281869132,-0.10686913699735223,3.3953201222722726,46.756945279857895,IR021
2492,1.2099692307692311,-1.2771433846153846,0.015545716947115372,0.4191160365068205,0.4191996900175526,0.021614689704982717,-0.06391931905199932,2.886379116164345,26.965606761246114,IR021
2493,2.0819815384615383,-2.150824615384616,0.007866878004807691,0.6382811463816179,0.6380179114081241,0.0628340057822903,0.4536878887856828,3.263202335286394,81.1017929880458,IR021
2494,2.551992,-2.273490461538461,0.00922084074519231,0.6477225530970474,0.6474718667735071,0.09165023510509966,0.9672718455484092,3.9414716390955022,70.21831139542185,IR021
2495,2.1460264615384617,-2.2355224615384617,0.013240557692307682,0.6631119625003792,0.6629203387908773,-0.017016705878102525,0.6774633602933644,3.2372312870241267,50.06740306535666,IR021
2496,2.2820436923076923,-1.894436307692308,0.009777623798076908,0.5461269765380748,0.5459478107833995,0.09357107104116123,1.046640253733618,4.179966742669246,55.836450865575145,IR021
2497,2.2937261538461544,-1.8598061538461537,0.010882633413461516,0.651702672412289,0.6514752818458268,0.07356180567933529,0.13228948451482392,3.520818391370634,59.86375329338669,IR021
2498,2.4965003076923082,-2.6056061538461543,0.01051307451923075,0.6802163557771398,0.6799654149361934,0.039332800567591385,1.5849609926713093,3.671510716359853,64.67807430570245,IR021
2499,2.2605563076923074,-2.0442221538461536,0.010211560096153852,0.604176648719178,0.6039679004478433,0.035980765034897555,0.4196439242538661,3.742841806685589,59.1455071272925,IR021
2500,2.472092307692308,-1.8946449230769231,0.012261654447115371,0.5138740895259108,0.5137694527085512,0.24489303780081856,2.7958044561194484,4.811676316409308,41.90050004462642,IR021
2501,2.2432412307692307,-2.442260307692308,0.008645926081730775,0.6754054692236011,0.6751309642515277,-0.050032600367971615,0.6901216696758503,3.3226756726469526,78.08659915310973,IR021
2502,2.590377230769231,-2.2787058461538456,0.014900313100961538,0.7105971581080466,0.7104063814795756,0.10254240920363768,0.7448966644314421,3.646331590341584,47.67727877031874,IR021
2503,2.0072972307692307,-2.172937846153846,0.007727121995192319,0.6346529354502358,0.6343900320777603,0.0038542904669545547,0.44370962865792496,3.1641374064389245,82.09913503015312,IR021
2504,2.6719458461538457,-2.291848615384615,0.010365984375000008,0.6068049618391652,0.6065971752801558,0.11140381997270468,1.94886305638416,4.404810894346504,58.518048391342994,IR021
2505,2.3281476923076925,-1.865230153846153,0.009642553485576943,0.6469483141882908,0.6467042349703067,0.10066178925544432,0.7219181938085497,3.6000192459147717,67.06773635610405,IR021
2506,2.9012141538461536,-2.7009433846153845,0.007697174278846155,0.7422706673145659,0.7419480693172189,0.018494676162880776,1.6648661985844608,3.9102657905909903,96.39226584180194,IR021
2507,2.3682018461538457,-1.9534744615384616,0.01168796213942306,0.6464605299570253,0.6462505000606514,0.09918531900654136,0.041531501362740635,3.6645261333362016,55.29197411419332,IR021
2508,1.6449323076923077,-1.4208793846153844,0.012622860576923065,0.4680077789371726,0.4679494844738648,0.0646083596339757,0.8841690719227597,3.5151920501456986,37.07158782450338,IR021
2509,2.2106972307692305,-2.4203556923076923,0.010788104567307692,0.6153734821644596,0.6151675354302385,-0.058045465367607074,1.706447199345555,3.5936506779784856,57.02276350698752,IR021
2510,2.2240486153846155,-2.2121575384615384,0.008523283052884616,0.6987965460874066,0.6985072565732426,0.013549971629322576,0.448502287226793,3.184002162404752,81.95284050045015,IR021
2511,1.7448590769230767,-1.7538295384615386,0.012607784855769244,0.5762278657909088,0.5760844149542619,0.02445495717388331,0.07936572558148837,3.0288253450869864,45.692754242284614,IR021
2512,1.8771212307692309,-1.6263655384615383,0.011715261418269236,0.6633145872354325,0.6630941222219585,-0.03211806823439104,-0.39803827694635663,2.8308518622954995,56.60088140994478,IR021
2513,2.0759316923076923,-1.6605784615384616,0.014503047475961544,0.6437803534907106,0.6436293518234893,0.09325989004124197,-0.12312503504316966,3.2253527382278264,44.37890401243529,IR021
2514,2.353598769230769,-2.2447015384615385,0.010867150240384631,0.6736981707922151,0.673456820158326,0.01548463829677049,0.7752770018023281,3.4948027828680264,61.97179621715523,IR021
2515,1.9192615384615384,-1.6317895384615382,0.01353738641826922,0.6226391889414713,0.6224823106858571,0.04003145215057606,-0.31519726999882103,3.0832386808660908,45.982458611493385,IR021
2516,1.9862270769230768,-1.727961230769231,0.011255655649038456,0.5229961918063983,0.5228619245594561,0.16791847079368616,0.8182945022994201,3.79876021493934,46.45326232986908,IR021
2517,2.4535255384615384,-2.5390578461538458,0.011575301682692316,0.6731993305085684,0.6729700964235006,0.01098258378803504,1.544792509105818,3.6458165845715866,58.138449853945716,IR021
2518,2.0325396923076924,-2.014598769230769,0.009411120793269244,0.6849225962500438,0.6846527645904349,0.01899325092833145,0.1252008338345143,2.9687161104557505,72.74933343540685,IR021
2519,1.5243526153846154,-1.5585655384615384,0.008324039062499995,0.5350840489687442,0.5348874878458383,-0.07921856762531576,-0.01870436529611741,2.8498565586637064,64.2581664778004,IR021
2520,2.931463384615385,-2.4314123076923075,0.018556990384615404,0.7571448471924064,0.7570025423859272,0.10484029679682176,0.324433906846739,3.872461742831105,40.793389806006324,IR021
2521,2.7046984615384613,-2.2670233846153844,0.006442629807692322,0.6736939446941737,0.6733957324573916,0.0923645368939661,0.6255140474670462,4.016506685702227,104.52187267587152,IR021
2522,2.2832953846153843,-2.4520652307692306,0.012472307091346144,0.6894340807577354,0.689210222718758,-0.00446581970160687,0.815189374011021,3.312915724912449,55.25924094644555,IR021
2523,1.7943009230769231,-1.5466744615384616,0.005985265024038461,0.6043629411237517,0.6040974210261225,0.07079926165541048,0.067536228274653,2.9702178169029687,100.9307722548462,IR021
2524,2.1320492307692307,-1.7179476923076924,0.01431093389423075,0.5584582076527828,0.5583688803449327,0.05944234312338111,0.6133542878795004,3.8183525368608584,39.01694218362864,IR021
2525,1.8487495384615384,-1.958064,0.010146571514423091,0.5442151616920898,0.5440439931425926,0.0056703233085149424,0.8706973814300016,3.398161843093792,53.618504769739026,IR021
2526,1.5706652307692306,-1.6255310769230769,0.009786791466346149,0.6505943465206226,0.6503502383094062,-0.007186970607304769,-0.6289341810611777,2.4151067198071536,66.45183363166225,IR021
2527,3.215388923076924,-2.616454153846154,0.02478122596153846,0.6273663463854731,0.6275494227037973,0.29017656627774324,3.730546280155912,5.123722222902249,25.323582605549113,IR021
2528,1.7360972307692306,-2.0148073846153842,0.005879734975961533,0.6221446350517211,0.6218685762051013,-0.09128043833202892,-0.19477413261242704,2.7917429778549234,105.76472897971136,IR021
2529,2.5839101538461544,-2.258678769230769,0.012682552283653843,0.6529186981473261,0.6527230363400159,0.12236364998319565,0.9215838357867684,3.95866241880292,51.46622081592291,IR021
2530,2.3135446153846155,-2.272656,0.008832742788461533,0.6643626639848922,0.6640969309400335,0.007468143542477659,0.903910860008578,3.483745380527174,75.18581111719482,IR021
2531,1.5589827692307692,-1.6612043076923075,0.00872476802884615,0.5328630066060379,0.5326742131136607,0.0663304045120188,0.2916319010241404,2.926709667655936,61.053108959746965,IR021
2532,2.156248615384615,-1.9805944615384607,0.012454582932692295,0.5202094552067384,0.5201045266595274,0.04334865638575909,1.4249577772502713,4.145798594050972,41.760091804784096,IR021
2533,2.287884923076924,-2.5544953846153846,0.006814429687500004,0.6593747712528281,0.6590879610255888,0.01442822353639566,1.4466056085090688,3.471289203214709,96.7194602117007,IR021
2534,1.5335316923076925,-1.5956990769230768,0.010826812500000005,0.6340066136654137,0.6337894466575825,0.018039464477383853,-0.6457409562021983,2.4196232682558594,58.53887713097298,IR021
2535,2.9320892307692303,-2.323766769230769,0.010885078125000005,0.6064642122702533,0.6062657397007783,0.1593786717531101,2.9559220188503583,4.836310282379405,55.69695805015438,IR021
2536,1.9937372307692307,-1.9995784615384613,0.0043261207932692326,0.5837202000431758,0.5834511494803439,0.043400507308382186,0.675041705737462,3.4171450901158917,134.86705003431777,IR021
2537,2.7430836923076924,-2.229264,0.017144354567307674,0.7729023081582967,0.7727150379786553,0.09899808017429447,0.6491388422843456,3.549929220328522,45.07110693173219,IR021
2538,1.812450461538461,-1.5135046153846152,0.0016569032451923165,0.5357249259630409,0.5354658411334094,-0.00669567172375804,0.08002161681397135,3.384810612199061,323.1726672556901,IR021
2539,1.9029895384615385,-1.6219846153846154,0.013517217548076893,0.5530162433598268,0.5529114046971166,0.04929142028325774,0.4174218452739433,3.4417621381928103,40.9042321565491,IR021
2540,1.8696110769230767,-2.009174769230769,0.01209785877403846,0.5541565598244638,0.5540180131553404,0.015401486029593415,0.3188632274215144,3.3746395108616425,45.7947165282043,IR021
2541,2.556372923076923,-2.701986461538461,0.005084185096153848,0.7054963511928232,0.7051701148056403,0.034458809341543564,1.39947292789099,3.625186135095236,138.6987494493654,IR021
2542,1.5562707692307691,-1.6190639999999998,0.00710922115384615,0.5599769723394213,0.5597486272978485,0.02733227744946876,-0.3900915093804267,2.7803029669649555,78.73557668057909,IR021
2543,2.759772923076924,-2.153953846153846,0.0035821135817307647,0.6031921708949339,0.6029082129895567,0.09778816969921812,2.1656592016751683,4.5774346137904205,168.31074705851466,IR021
2544,1.8122418461538456,-1.9442953846153843,0.01764022355769231,0.5829619586614244,0.5829442024732353,0.07412997203486406,0.4110675972614817,3.1087741133115583,33.04630468920746,IR021
2545,2.357353846153846,-2.2217538461538457,0.0045015288461538495,0.7094082054083339,0.7090760190677871,0.07650369801870864,0.494566370557124,3.3245431840341015,157.51893263410466,IR021
2546,1.595281846153846,-1.3447347692307692,0.006434684495192318,0.4802992318348618,0.4801077760757736,0.04609973458105451,0.3208395637533585,3.3227577757500613,74.61248122335861,IR021
2547,1.9299009230769228,-1.7121064615384614,0.013798359375000005,0.5795349258253498,0.5794162027234401,0.053193884825209176,-0.04357090226280391,3.3307679592075194,41.99167357339828,IR021
2548,1.6098849230769232,-1.3276283076923077,0.006050661057692302,0.510537568543448,0.51032409284333,0.031298083160585445,-0.08021842056407369,3.1546324103713435,84.34187404937299,IR021
2549,2.8419673846153843,-2.858656615384615,0.009529893028846144,0.7779422638632122,0.7776207139975899,0.02166867359587564,1.4887931814122028,3.6546960921416414,81.59805274243905,IR021
2550,1.8654387692307688,-1.7803236923076922,0.005140006009615388,0.574482466914905,0.5742248944709748,0.022151063276934443,0.2218398708477567,3.2486205094771634,111.71677492142513,IR021
2551,2.8217316923076923,-2.3179255384615383,0.008913621995192298,0.6912257777063043,0.6909456806596348,0.06480912403847143,1.0592471587416237,4.083869067122368,77.51570360873583,IR021
2552,2.114734153846154,-2.1925476923076923,0.01117803605769231,0.6141003627850143,0.6139022100789123,-0.0022236381569214264,0.980707217837428,3.4447410664547395,54.92039987260978,IR021
2553,2.519656615384615,-2.256592615384615,0.007417662259615391,0.7567529303723722,0.7564197025548716,0.08420940638119284,0.4491773759513063,3.331029859315221,101.97548446942801,IR021
2554,1.9618190769230768,-1.8289310769230769,0.0141182091346154,0.5082590081031907,0.5082069169856823,0.1350677208156062,1.3478992407087729,3.8602762208731347,35.996556796969884,IR021
2555,1.6278258461538462,-1.461142153846154,0.004924056490384614,0.6064600017035079,0.6061838058134726,-3.3024123113530066e-05,-0.3859353532763308,2.685366765892688,123.10659047011136,IR021
2556,2.2770369230769227,-1.8668990769230769,0.013554091947115387,0.5398792021287498,0.5397857242132673,0.08766771944730438,0.899916164870513,4.218408936982693,39.82455824553749,IR021
2557,2.4983778461538457,-2.5778603076923075,0.006515767427884619,0.7577961768904748,0.7574540943132579,-0.02094049793722112,0.6211469401307164,3.29838846328897,116.24940618225378,IR021
2558,1.6484787692307692,-1.4515458461538462,0.006705640024038459,0.453216399965189,0.4530446775788162,0.07411469338198498,0.6562620838736121,3.638667113452588,67.56173548755021,IR021
2559,3.274218461538461,-2.782094769230769,0.014706773437500003,0.7698380333087779,0.7696025768957118,0.07435966446514705,1.379755992127989,4.2544276225599855,52.329804369824856,IR021
2560,2.126208,-2.2150781538461537,0.0058944032451922965,0.6463601856324471,0.6460713922040808,0.0414993597031006,0.7030718670441893,3.2909799530767248,109.60759984160255,IR021
2561,2.0108436923076924,-1.9532658461538461,0.014176882211538474,0.6537985745072008,0.6536330207850664,0.0220703283396433,0.09415782061360957,3.076410812128961,46.10555487673295,IR021
2562,1.9891476923076925,-1.7728135384615384,0.01253016526442309,0.5486406249690445,0.548515805345009,0.06639728244446916,0.7133148697057439,3.6264181869044703,43.775624165342045,IR021
2563,1.4561353846153846,-1.3906301538461538,0.007740567908653843,0.5385796453096402,0.5383722514846205,0.05360814845190592,-0.3742312585066183,2.7046999183184712,69.55203517854653,IR021
2564,2.6757009230769238,-2.7971150769230766,0.021610231370192308,0.8092435484836309,0.8091369453789216,0.015003496114053784,0.6216209422152588,3.3068579285103383,37.44230829916011,IR021
2565,1.679145230769231,-1.5333230769230768,0.005827377403846158,0.6438360859224368,0.6435480202636533,-0.0105363976113719,-0.4616699130835276,2.6091995902361833,110.43527399459349,IR021
2566,1.8162055384615383,-1.944712615384616,0.009137924278846158,0.5629440337352977,0.562743288078323,0.03915816611091148,0.9379465186451612,3.2274139504419246,61.58327328024,IR021
2567,2.876180307692308,-2.4203556923076923,0.01578631730769231,0.6952420622339629,0.6950817938732954,0.1130989606863675,0.8800068031830319,4.137901946280294,44.030648841360744,IR021
2568,2.211323076923077,-2.2106972307692305,0.00816207692307692,0.6161254308572264,0.615878602180931,0.05903090433989599,1.1183686721245056,3.5905177888830773,75.45611343598544,IR021
2569,2.057364923076923,-2.0415101538461538,0.013356070312500004,0.7158709919969468,0.7156460029688296,0.020074485521945615,-0.14683139834679348,2.8748360425993083,53.582078128104314,IR021
2570,1.9741273846153848,-1.6580750769230768,0.009041969350961536,0.4825026392907656,0.4823517407365226,0.1838306804046516,1.013827973900523,4.092713300051554,53.34587212300477,IR021
2571,1.3320092307692308,-1.2796467692307691,0.016797001802884615,0.507463050935647,0.507493255306979,0.04603287224858273,-0.3759760899753579,2.6246836127181794,30.21332385758423,IR021
2572,2.407004307692308,-2.446849846153846,0.015206513221153854,0.7239237186077708,0.7237299259000018,0.04543427415628496,0.7688667815785117,3.3258322221497925,47.593417069023936,IR021
2573,1.252944,-1.3749839999999998,0.009063768028846151,0.4750764835790343,0.4749309521019669,-0.08862862096018706,0.3580886709980162,2.6381603356333683,52.39884235678383,IR021
2574,1.6317895384615382,-1.6426375384615384,0.011511739182692313,0.5331779117425847,0.5330418274444481,0.11951273787459313,0.29256222847769386,3.061278598500975,46.30419600244822,IR021
2575,2.6481636923076923,-2.097001846153846,0.010947214543269223,0.548740531975623,0.5485817661734493,0.15645865280151888,2.8905822024926118,4.827290762468401,50.111538785063715,IR021
2576,2.5703501538461544,-2.7931513846153844,0.017760218149038453,0.7301851110101242,0.7300445517720472,0.021743063898674985,1.5684310583901409,3.5208127334244304,41.105607242305865,IR021
2577,1.5742116923076923,-1.6584923076923077,0.008477852163461539,0.5692114682114802,0.5689966270681844,-0.010128462106828584,-0.3253068042410701,2.76664503341432,67.11565808147579,IR021
2578,1.760713846153846,-1.5164252307692303,0.01055606069711539,0.5064828399608915,0.5063455194101071,0.08433214667632166,0.4448583119367321,3.4772971788218427,47.967280024116754,IR021
2579,1.3144855384615386,-1.073534769230769,0.012840032451923071,0.4986828308507361,0.4986046291375519,0.07561575378107857,-0.7697249420986845,2.6363283885575535,38.83203808124917,IR021
2580,2.3506781538461543,-2.213200615384616,0.0074060498798076985,0.7247439966805765,0.7244278894934919,0.06279614458736857,0.2687220934397154,3.244875284260121,97.81569139422295,IR021
2581,1.7675981538461538,-1.494937846153846,0.008708266225961539,0.5565518809419343,0.5563482181601941,0.07034091148736002,0.2573898341723964,3.177143551733627,63.88736904960251,IR021
2582,1.7596707692307691,-1.7598793846153846,0.011220207331730769,0.5643979550917011,0.5642338749243963,0.07041168859160161,0.3124872377764025,3.1186904002645246,50.28729489951061,IR021
2583,2.5960098461538457,-2.0331655384615384,0.01601021213942308,0.5856561599060073,0.5855890284940682,0.14212504145645766,1.4679545920980075,4.433159980524024,36.57596934972091,IR021
2584,2.6738233846153845,-2.7026123076923074,0.004053942908653853,0.7778517100785273,0.777482375992305,0.057528272416049575,0.8196624112396722,3.439079093211302,191.7842440091182,IR021
2585,1.6263655384615383,-1.7544553846153843,0.008093625,0.5558872738953357,0.5556747248350636,0.02111185302379349,-0.08598093324966705,2.926830150398291,68.6558525796616,IR021
2586,1.5458399999999999,-1.5199716923076922,0.008781403846153855,0.5350774842697664,0.5348882403395473,0.0421371889716096,-0.2044387560297856,2.890024276882027,60.91147266548067,IR021
2587,1.1261058461538462,-1.1440467692307692,0.009486703125000016,0.4364843333663734,0.4363742860392393,0.08589492886769458,-0.5015633434415627,2.5805962500104447,45.998518166893575,IR021
2588,2.4808541538461544,-2.244284307692308,0.009244880408653823,0.7424874774894801,0.7421824271650662,0.1201199306031475,0.4611451945742866,3.342647391049581,80.28037079531434,IR021
2589,1.8134935384615385,-1.5631550769230769,0.011240783653846145,0.5724364925725323,0.5722673237140042,0.04056767057671402,0.12587549282375976,3.1689622372495414,50.90991351997041,IR021
2590,1.5112098461538461,-1.6774763076923078,0.0107986983173077,0.5474106885892417,0.5472498868435852,0.04417506194538303,-0.04423120825616023,2.7614621445975365,50.677393771291506,IR021
2591,3.1071175384615386,-2.9736036923076923,0.014686808293269231,0.7842534226342185,0.7840079687957281,0.06325368673799102,2.679433361478094,3.9631198433278847,53.381779971556405,IR021
2592,1.6680886153846153,-1.7682240000000002,0.0026121742788461602,0.6061632877742629,0.6058728684312329,-0.0010636222740114942,-0.032267223429689906,2.753199065843208,231.94197773774,IR021
2593,1.5650326153846157,-1.7323421538461539,0.00833809615384615,0.497212503175613,0.4970396071878697,0.016027061374749314,0.6988291916575076,3.1487080561631555,59.61068306445447,IR021
2594,2.092412307692308,-1.800768,0.004982322115384618,0.5673786415393989,0.5671234194170255,0.13365426006148656,0.2675772733434836,3.6895184294155987,113.82712845197996,IR021
2595,1.3257507692307693,-1.1467587692307692,0.00758838461538461,0.3941477624506388,0.3940283376110413,0.04831177539108422,0.15879836474216624,3.364607675855696,51.92519325024623,IR021
2596,2.701152,-2.778548307692308,0.011018722355769206,0.8137214946896314,0.8133987087893684,0.02613384892332779,0.691029385755181,3.3208215980823126,73.81969365654153,IR021
2597,1.996657846153846,-1.7423556923076924,0.009044006610576928,0.6033786975652061,0.6031518164374557,0.030473238416232788,0.1318661276970432,3.3103735937449352,66.69077571571788,IR021
2598,1.9098738461538465,-1.8677335384615383,0.00793492247596152,0.5838676432458779,0.5836364247341921,0.006193669755470776,0.006598667544901016,3.272369175764977,73.55288303096742,IR021
2599,2.347966153846154,-2.6414880000000003,0.014408111177884618,0.7358004709968207,0.7355822276067581,-0.040232413077594516,0.695719666737256,3.1919832558833594,51.053342004732855,IR021
2600,1.9778824615384616,-1.619689846153846,0.00971528365384615,0.6121109189562638,0.6118890958516311,0.030282608868904895,-0.035541849702207085,3.2324198534468613,62.98211330241422,IR021
2601,1.7450676923076922,-1.670800615384615,0.01118740745192306,0.5505174678682534,0.5503623117748299,0.10038910007668808,0.4001807739611611,3.1707616146173416,49.19480354496477,IR021
2602,1.6803969230769231,-1.5210147692307692,0.0072990937500000035,0.6095021547443675,0.6092481985162181,0.00763466668329962,-0.4789353347205303,2.758148365755391,83.46901949522403,IR021
2603,2.5277926153846155,-2.2636855384615377,0.020552893629807698,0.5212979373271021,0.5214485387219853,0.28510232393763835,3.4031682037572253,4.847635821513597,25.371052276830387,IR021
2604,2.369244923076923,-2.579112,0.004036422475961536,0.6980381350046904,0.6977088887787113,-0.039697340113495065,0.9666848099101792,3.3957499484120293,172.8532860308451,IR021
2605,2.378841230769231,-2.043387692307692,0.012277748798076929,0.6327056324476427,0.6325157914591698,0.0231812882857644,0.579317727323565,3.7609199057013423,51.5172448843587,IR021
2606,1.6345015384615385,-1.4694867692307692,0.011744394230769228,0.5823312483838617,0.5821653131546931,0.062274214209915364,-0.25290792599624723,2.80762440071248,49.5696331130876,IR021
2607,3.302590153846153,-2.782094769230769,0.011588951322115385,0.8335634275396737,0.8332369102288181,0.044838616298347726,1.186429795606475,3.9635667999143465,71.89925016241449,IR021
2608,1.5306110769230767,-1.3808252307692308,0.011913283052884605,0.5152219194092131,0.5151080668131083,0.06455970789601499,-0.04212513389694639,2.9714368217774654,43.23812877831216,IR021
2609,1.3620498461538462,-1.550638153846154,0.01491131430288459,0.5002796546927446,0.5002576000342935,0.009682962237915066,0.08087254130116994,2.7226969586478558,33.54886027300215,IR021
2610,2.158960615384616,-1.6927052307692307,0.013230371394230778,0.6019283383922629,0.6017798113795525,0.038221904221210704,-0.0758161983989667,3.5876255310647567,45.48472551888936,IR021
2611,2.5252892307692307,-2.2056904615384614,0.01446250600961539,0.5865825706396007,0.5864744337993375,0.12052056361761722,1.749715214765427,4.305881186345558,40.55137010207084,IR021
2612,2.079686769230769,-2.3266873846153846,0.00945471814903844,0.6308799202984776,0.6306426756922646,0.015308697143540937,0.7199263908663509,3.2977260331262386,66.7013723467158,IR021
2613,2.057156307692308,-1.7456935384615382,0.012399576923076928,0.5805010867753584,0.5803500475985831,0.005779209161145127,0.05669263939128344,3.5446818970801623,46.80402010479003,IR021
2614,1.7390178461538461,-1.5456313846153846,0.013452432692307687,0.5805032200099539,0.5803756287621439,0.10921621999342176,-0.1453976151922669,2.9963660773677145,43.14280115997249,IR021
2615,1.4707384615384616,-1.3015513846153846,0.016493450120192297,0.4956870344174582,0.4957193995358643,-0.020904418166979227,0.13370188404073513,2.9668769527992955,30.05553088792345,IR021
2616,1.4375686153846154,-1.673929846153846,0.011688369591346151,0.5507270220126013,0.5505821274846031,0.02470621443713372,-0.2572369665164365,2.6109976034861697,47.105126440581046,IR021
2617,2.2684836923076923,-1.7959698461538462,0.013801618990384623,0.6557499748064469,0.6555750029013797,0.0906079644609746,0.003198913186636787,3.4602962014537764,47.499862397165785,IR021
2618,2.4535255384615384,-2.15604,0.010024335937499991,0.5710274963835801,0.5708366306198075,0.06896006314204861,1.7606445851981611,4.298122101585405,56.94508186665686,IR021
2619,1.976630769230769,-2.2123661538461543,0.014686808293269227,0.6541454625234834,0.6539909106748706,0.0065361386357547045,0.5060066923769404,3.0224132124268075,44.529137823265934,IR021
2620,2.418686769230769,-2.007505846153846,0.007577994591346147,0.5881003518934149,0.5878619685066143,0.07573632656396218,0.8564088353023878,4.114378712702105,77.57487306442997,IR021
2621,1.467817846153846,-1.2977963076923076,0.008892638221153836,0.5298685132386397,0.5296843777406207,0.06043860467040697,-0.09653497017348213,2.771117872901693,59.56436825245019,IR021
2622,1.5164252307692303,-1.2963360000000002,0.012820474759615392,0.4882754388957542,0.4882053294466558,0.008432945415217859,-0.0046335869284388495,3.106121828878813,38.08012874722135,IR021
2623,1.4676092307692306,-1.3799907692307691,0.009374653846153824,0.5402685309137459,0.5400860308495447,0.05976249442658608,-0.5327060241149,2.7173619515037455,57.6113038105538,IR021
2624,1.686864,-1.6806055384615386,0.010612085336538459,0.5549404970263663,0.5547709711474045,0.05876159362058689,0.3524534419463694,3.0406493629454787,52.27728137817298,IR021
2625,1.9488849230769232,-1.7613396923076925,0.011170498197115372,0.5630335252582521,0.5628693931009733,0.023599427923349656,1.0606479012139705,3.462410546681319,50.388924752373775,IR021
2626,1.8752436923076925,-1.9442953846153843,0.014370014423076937,0.5903173946918161,0.5902040465278385,0.06088684600450656,0.517663789836829,3.177280303887652,41.071917476994635,IR021
2627,1.8228812307692304,-1.5318627692307691,0.006119520432692307,0.5732620523492894,0.5730147485575666,0.05803991900760709,0.016823886426908796,3.1812117146337267,93.63719834913051,IR021
2628,3.218309538461538,-2.656508307692308,0.023437245793269237,0.6093418022243203,0.6094949887242548,0.34281390662039724,4.312476627634675,5.280288760368385,26.005401577487874,IR021
2629,2.7063673846153846,-2.731192615384616,0.002582226562499993,0.6826927276335691,0.6823641860458779,-0.060773610784878786,2.4406987944683447,3.966162703083929,264.25418898380644,IR021
2630,1.5735858461538461,-1.4623938461538462,0.009500149038461542,0.5273584276222129,0.5271864710284893,0.0128949740541981,-0.0013320265504832562,2.9848752436380503,55.492442160029746,IR021
2631,1.4348566153846154,-1.5942387692307691,0.015088148437500013,0.5590956294425029,0.5590262189214035,0.038111351075209764,-0.3718866680089192,2.5667071897862983,37.05068393494872,IR021
2632,1.8677335384615383,-1.8159969230769228,0.009945086538461524,0.6335569396893783,0.6333255986142923,0.009245854074610085,-0.12162693935401415,2.9490889718465727,63.68226120154666,IR021
2633,2.5446904615384613,-2.160420923076923,0.014693734975961556,0.6357284358805286,0.6355878158611779,0.13560151926398142,1.2146224516009667,4.003680369628516,43.25570162392187,IR021
2634,1.809529846153846,-1.9102910769230768,0.014577203725961538,0.5569684234416207,0.5568872205315172,-0.017229835504209364,0.7393385472073049,3.2493650050485137,38.202609430484856,IR021
2635,2.302696615384616,-1.931987076923077,0.007494059495192309,0.5837685502266143,0.5835315609343558,0.06256006903434744,0.464168896224074,3.946138940107229,77.86588314500449,IR021
2636,2.7691606153846156,-2.1416455384615385,0.019546283653846117,0.661149523775691,0.6611156300300824,0.09812637310929327,0.8676118534737038,4.188617678360761,33.82308584783045,IR021
2637,2.676952615384616,-2.548862769230769,0.011112028846153841,0.6526097201682739,0.6523856272287261,0.04739312926175115,2.784236901626348,4.103328619847226,58.70985724218431,IR021
2638,1.5304024615384615,-1.395636923076923,0.016250405048076934,0.5766787789742095,0.5766261576681411,-0.07232670495754849,-0.5128376208780874,2.6540635404529045,35.483802155219436,IR021
2639,1.6670455384615384,-1.3624670769230771,0.008761234975961544,0.5260332646600818,0.5258493407675588,0.09425102854392768,-0.02071511319263841,3.1701961174434987,60.02000199861629,IR021
2640,1.6808141538461536,-1.7703101538461536,0.012701091346153864,0.5904013783815075,0.5902496939657988,0.001753647458883331,-0.1862435222028207,2.8476324020653303,46.472360357012775,IR021
2641,1.9470073846153848,-1.7312990769230767,0.018488945913461514,0.5735123560319981,0.5735303446187444,0.04947864254625935,0.5380364021678794,3.3947765848547427,31.02017536874105,IR021
2642,1.7544553846153843,-1.9755876923076925,0.010074248798076916,0.6160033233672221,0.6157848799620464,-0.03543480618226498,0.06423269470464765,2.849136836103412,61.12464485486942,IR021
2643,1.8418652307692307,-1.4755366153846154,0.013716257812499964,0.5383417135100285,0.5382535804775126,0.07193037570294765,-0.18250928522030246,3.4219284321995898,39.24201395419885,IR021
2644,2.3669501538461537,-2.0283673846153847,0.014444781850961525,0.603278526919984,0.6031568765627381,0.08583943383353,0.5962594780069348,3.924269532223351,41.756039155592276,IR021
2645,2.701360615384615,-2.8934953846153846,0.017688710336538446,0.6708236562629556,0.6707293126702994,-0.04627495415496527,3.37259251812956,4.027497478274792,37.918497160576855,IR021
2646,1.5662843076923076,-1.6390910769230769,0.015512509615384624,0.6265583235278529,0.6264444080588326,-0.0260466241704088,-0.3631133957984245,2.500276620787091,40.38317613273565,IR021
2647,1.8041058461538464,-1.7663464615384614,0.015102816706730773,0.5748049550553442,0.5747226935310242,0.04699696628441536,0.486388490361382,3.1390892798571186,38.054007056504325,IR021
2648,2.1099360000000003,-1.8883864615384616,0.010650385817307685,0.6658193170012972,0.6655793479751736,0.016279130883691373,-0.23384283643233414,3.170074321594939,62.49344947612665,IR021
2649,2.0256553846153844,-1.7402695384615383,0.01586821514423075,0.5905071387786346,0.5904320072157165,0.055386072196943914,0.047235847170254974,3.4308021243084537,37.20847000428914,IR021
2650,1.3603809230769228,-1.405024615384615,0.013453043870192312,0.5089144350810348,0.5088437509595379,0.008588360865043464,-0.22511299479384614,2.6734747562716894,37.823689260909546,IR021
2651,2.4714664615384616,-1.9757963076923075,0.012093376802884607,0.5918432506643061,0.5916777960485039,0.06858166985367885,0.9686136987070976,4.1770478426671565,48.92577199011713,IR021
2652,2.3314855384615383,-2.1043033846153842,0.013932614783653856,0.5960781753668373,0.5959499368834488,0.09745766926806863,1.216943579990172,3.912217107789562,42.77373243553927,IR021
2653,2.400328615384616,-2.4297433846153846,0.018020987379807712,0.6771248226465727,0.6770339943107161,0.011573708029179649,1.1529331730498438,3.5453590743672696,37.569195296664155,IR021
2654,1.7164873846153847,-1.4548836923076922,0.011763748197115386,0.5520625410570071,0.5519182956553159,-0.00537077531333837,-0.3653319792242273,3.1100389280941063,46.91687431652549,IR021
2655,1.8629353846153844,-1.7469452307692308,0.013792451322115384,0.5303458130327177,0.530266196000887,0.07672796859435113,0.35806728729142895,3.5132078919325798,38.44611690966321,IR021
2656,2.226760615384616,-2.325644307692308,0.014920889423076941,0.6346079124314387,0.6344734408768058,-0.01239380467034485,0.9212030493080814,3.5096199019889007,42.52249466412616,IR021
2657,2.0064627692307693,-1.8109901538461537,0.015193882211538444,0.614211630123172,0.6140996390199421,0.026591549247136345,-0.03404459184485864,3.267324456391045,40.417559546011645,IR021
2658,1.7360972307692306,-1.8708627692307689,0.011406005408653854,0.5481930554862172,0.5480440226401528,0.02561030559928192,0.520613485671138,3.1678061598149325,48.04872547441949,IR021
2659,2.4130541538461543,-2.035668923076923,0.013335901442307688,0.6377519632161035,0.6375799698579228,0.05775542398299077,0.8626302196465994,3.784708221595913,47.80928927948,IR021
2660,2.542395692307692,-2.134344,0.014979969951923054,0.596615473070813,0.5965122083941113,0.11467869126397648,1.5468128595299016,4.26210169135038,39.820654534592975,IR021
2661,2.401371692307692,-2.620000615384616,0.009727710937499991,0.7220470232854737,0.7217599320251209,0.020395093779176025,0.9447190383455184,3.32710585023735,74.19627666389235,IR021
2662,1.6672541538461538,-1.365804923076923,0.013293526442307687,0.5183639693282595,0.518281312631286,-0.0010770173922889986,-0.191320821858191,3.2168903512681086,38.987496273510615,IR021
2663,1.818500307692308,-1.7575846153846153,0.014168325721153818,0.6162579628159177,0.6161199114306138,0.06295447433752964,-0.16811365900243525,2.9515363388756573,43.485724676044434,IR021
2664,2.5891255384615386,-2.4994209230769227,0.014562535456730773,0.6921057223757918,0.6919209599787617,0.06327487101835988,1.276054058202515,3.741938296739863,47.51376997739479,IR021
2665,2.023152,-1.7880424615384614,0.014304414663461544,0.6434007211294415,0.6432455534502249,0.020037362495336396,-0.2500326595956857,3.145225006450905,44.96832401631211,IR021
2666,1.5598172307692308,-1.3985575384615383,0.008718248798076917,0.4922443911540552,0.4920812158137918,0.11349867950079053,0.026551931938819884,3.1698369713008523,56.442667238670204,IR021
2667,1.964113846153846,-1.654945846153846,0.012838198918269234,0.5406731499776946,0.5405615584074486,0.019961529274474588,0.6958257683869964,3.633469335001055,42.105716062570856,IR021
2668,2.682793846153846,-2.273073230769231,0.014403629206730788,0.594874077995889,0.5947579776567763,0.1171573019971206,2.0176427654232607,4.510732006863531,41.29223052887581,IR021
2669,2.4850264615384607,-2.439339692307692,0.0072104729567307796,0.6893928853811746,0.6890939106900104,0.031424412800140133,1.241720402368598,3.6062232200689883,95.56847585798931,IR021
2670,1.461142153846154,-1.5944473846153844,0.016387716346153842,0.5354238076216636,0.5354131595247749,0.037695034133020264,0.0228953014051485,2.7289993304293136,32.671615020382944,IR021
2671,1.6384652307692311,-1.4171243076923077,0.0112605450721154,0.5160280425840763,0.5158989210310869,0.06740771377970199,0.30413305117453904,3.1759423483471503,45.81473789475897,IR021
2672,2.5146498461538456,-2.4848178461538457,0.010445233774038457,0.6507948210555893,0.6505608308974796,-0.0018845629315355995,1.860950257975242,3.865356976202773,62.28303214375568,IR021
2673,1.8397790769230769,-1.5775495384615383,0.017876341947115383,0.6230776236063581,0.6230298242907383,1.724682808108418e-05,-0.31720068343493896,2.9529550676285763,34.85219885219713,IR021
2674,1.4849243076923078,-1.2116381538461538,0.010756527043269232,0.4893711879466498,0.4892504381364885,0.07051630694152501,-0.2506433543532465,3.03510061911902,45.48405225668363,IR021
2675,1.8981913846153848,-2.0244036923076925,0.01095903064903846,0.5686870839415653,0.5685149730657586,-0.07283024228811835,1.119724330425789,3.3388590882299,51.87639228982719,IR021
2676,2.5609624615384616,-2.21028,0.010562376201923079,0.6027857586195894,0.6025839360173632,0.11763847180467647,1.8534393028750635,4.249968026802277,57.05003538007399,IR021
2677,2.0903261538461537,-2.2286381538461537,0.0132835438701923,0.6092688370465514,0.6091161301571315,-0.045699210821654984,1.131077737551613,3.43173665965293,45.85494173162343,IR021
2678,1.5049513846153844,-1.3470295384615385,0.013766578124999995,0.5508614298325327,0.5507644662697633,0.011050344992362493,-0.5381816728158602,2.732477268927989,40.007361398660095,IR021
2679,2.053401230769231,-1.6363790769230768,0.010103992788461537,0.6175734534743909,0.6173545198081999,0.07307392570753363,0.03532864828493576,3.32612974374462,61.100055466508344,IR021
2680,2.209028307692308,-2.304156923076923,0.014956134014423075,0.6756431668508959,0.6754787785259324,-0.01988133325451449,0.5349959706505194,3.2703148905920822,45.163996115207894,IR021
2681,2.090952,-1.9194701538461536,0.013472397836538485,0.6520368685052864,0.6518576499647621,0.015229392001343768,0.1344062177969052,3.2076819227526623,48.38467939217615,IR021
2682,2.1324664615384616,-1.7726049230769232,0.012901150240384624,0.5343322000900591,0.5342270308513741,0.09857139312249474,1.1993101443531842,3.991685815934928,41.40925583356722,IR021
2683,1.5072461538461537,-1.7277526153846154,0.01482126742788462,0.5065400787995925,0.5065095776069949,-0.08861390927889792,0.3984952055944575,2.975750549411405,34.17451173265058,IR021
2684,2.4009544615384613,-2.0162676923076925,0.018572066105769218,0.6530395523136576,0.6529847724413019,0.07074933975972973,0.8644913482109176,3.676891962674808,35.15951153320841,IR021
2685,2.149990153846154,-2.2893452307692312,0.011987643028846149,0.6940783162099883,0.6938428920158111,-0.01810790723059313,0.35921264724626223,3.098669999486225,57.87984263013176,IR021
2686,1.713984,-1.4859673846153845,0.012665846754807692,0.5106790823891705,0.5105867879974402,0.046739989125979736,-0.22097758501973308,3.356890621322918,40.31209266002149,IR021
2687,2.6385673846153845,-2.1950510769230767,0.014383460336538471,0.7127052364510524,0.7125023468669148,0.054679942578168834,0.4780652577437152,3.703240271723948,49.536226345821454,IR021
2688,1.9599415384615384,-2.2749507692307693,0.014763001802884632,0.6727257863382957,0.6725592737578762,-0.05181914309461635,-0.008997506095485441,2.91415435774234,45.5570813265403,IR021
2689,1.9211390769230767,-1.6916621538461538,0.014116783052884604,0.6663831273154902,0.6662072479867737,0.0052856251795278635,-0.35161212692210064,2.883695850996232,47.19256827076065,IR021
2690,2.630848615384616,-2.1794049230769232,0.019659147836538483,0.6152499560587065,0.6152636263189426,0.06960712426765396,1.5437921293497825,4.275969686562987,31.296556261478138,IR021
2691,2.2081938461538457,-2.473344,0.013646787259615384,0.5842070603097158,0.584081180486235,-0.030040796183631976,2.6244333650390144,3.780628309776343,42.7999036970916,IR021
2692,2.365281230769231,-2.3583969230769237,0.012406503605769215,0.7227476881929129,0.7225012254733956,0.006574447622938597,1.0096980870242325,3.2737400953464912,58.2356841566081,IR021
2693,1.250232,-1.3121907692307693,0.012908891826923069,0.503080909705943,0.5030008773385368,0.014659199142006191,-0.4979325826830174,2.4855463605057517,38.96545761499582,IR021
2694,2.126833846153846,-2.2081938461538457,0.009922880408653849,0.6727830904219634,0.6725277108850575,-0.028929816456663964,0.22105140037078866,3.1624478987711866,67.77545260935916,IR021
2695,1.9326129230769231,-1.7598793846153846,0.014256742788461552,0.6575082011365931,0.6573416955227706,0.006125944497737294,-0.33241080307114856,2.9400431103643214,46.10742476568902,IR021
2696,1.9739187692307687,-2.0782264615384607,0.012284471754807687,0.6384194524496012,0.6382258838038467,-0.00848441716062104,0.05189593231599865,3.092821553187642,51.953872868328155,IR021
2697,1.7707273846153846,-1.552307076923077,0.015625373798076922,0.5580037009260651,0.5579500086153061,0.05185413443051872,-0.16435283940254974,3.1736308939395697,35.70794630743332,IR021
2698,2.2663975384615385,-1.8946449230769231,0.010810921875000008,0.5770757331283783,0.5768951953930577,0.03601325463157064,0.9904658992709852,3.9286122619159047,53.36225736004195,IR021
2699,2.3271046153846155,-2.485652307692308,0.010597824519230782,0.6020853499074658,0.6018846001864064,-0.007444404275907309,2.3751191177689925,3.866363443530372,56.79322195741479,IR021
2700,1.7212855384615382,-1.807652307692308,0.012394687499999998,0.6711614287811665,0.6709481289189232,0.007354207484750465,-0.21409888899021468,2.565452475789729,54.13191166932796,IR021
2701,1.114632,-1.2896603076923077,0.01003452223557692,0.42942126443555867,0.4293288172252623,-0.03955549971410256,-0.14748123284825132,2.5962198559226217,42.785177724067175,IR021
2702,1.808904,-1.8744092307692304,0.01269477584134615,0.6083244087100833,0.6081598130656259,0.055202501637164905,-0.1726596812694119,2.974389233122188,47.90630576436685,IR021
2703,2.136430153846154,-1.932195692307692,0.01244663762019228,0.5967164616240339,0.5965548836685177,0.004630765925135143,0.3058972849488506,3.581280134206872,47.928999129911354,IR021
2704,2.4357932307692307,-2.3971993846153845,0.014450893629807669,0.7064413371299266,0.7062441705767407,0.029089853036408382,0.5422694407239588,3.44893923694986,48.872006719361636,IR021
2705,1.8312258461538464,-1.5992455384615385,0.010634291466346145,0.4943910061922589,0.4942639591790533,0.0320553867372556,0.8786037474320891,3.704955241315627,46.47831599718965,IR021
2706,2.663184,-2.100131076923077,0.013833196514423059,0.6297248430234037,0.6295692782280053,0.11700623211257352,1.3600749753427197,4.230168294577264,45.511482293451884,IR021
2707,2.5734793846153847,-2.7318184615384613,0.012954322716346164,0.6651617612270813,0.6649630911551438,0.015355173164333106,2.861961501765582,3.870108610306254,51.33136681210458,IR021
2708,1.8224639999999999,-1.7899200000000002,0.007743827524038465,0.6969426151960226,0.6966452691332682,0.002525888753126201,-0.3488434171575401,2.6160573835051237,89.9613617388475,IR021
2709,1.3403538461538462,-1.2060055384615385,0.017001950120192313,0.4672039076497146,0.4672851314404382,0.009738227504298877,-0.08550802639626331,2.8683853946349935,27.48420787833441,IR021
2710,2.050480615384616,-2.15374523076923,0.010379837740384602,0.6195654686372414,0.6193498577864782,0.007426951136543191,0.6578341812909665,3.310698451942686,59.66854909270764,IR021
2711,2.4320381538461544,-1.9036153846153845,0.01340761298076922,0.619827909808083,0.6196702506974542,0.060543691762667724,0.7976778035686958,3.9247295656179,46.217790712355615,IR021
2712,2.614368,-2.273907692307692,0.009994795673076923,0.675682358180323,0.6754263089039416,0.07101028652409483,1.065593523894936,3.8706931689446713,67.57780058709393,IR021
2713,1.9611932307692308,-1.765512,0.011104083533653844,0.5295172353574591,0.5293750903798902,0.01576565759608609,0.6866756786442556,3.7047327432082975,47.67391102340682,IR021
2714,3.2781821538461537,-2.535302769230769,0.0094459579326923,0.7427180391736482,0.7424153895088889,0.14131710058094102,1.6057362846499803,4.4155633088569015,78.59609314365055,IR021
2715,2.7683261538461537,-3.0409864615384614,0.011322885216346168,0.73118133144828,0.7309119313219525,-0.03504667887316329,2.714282720138224,3.7874961882743694,64.55173900966328,IR021
2716,2.2588873846153845,-1.952014153846154,0.00979677403846156,0.6818762649470794,0.6816136439563808,0.01959592165885978,-0.1927778480361937,3.3140290025648897,69.57531543346877,IR021
2717,1.6451409230769232,-1.700215384615385,0.015172490985576931,0.5466387093041503,0.5465823566162584,0.02285635397392063,0.08880675312065334,3.0098683266352384,36.02456294987048,IR021
2718,1.8883864615384616,-2.066126769230769,0.010971661658653844,0.6064688605565101,0.606271945683545,-0.005619601481321805,0.2712696943789923,3.1147515153606333,55.257987763900005,IR021
2719,2.249499692307692,-2.3072861538461544,0.006577292668269222,0.722006976415389,0.7216843205496453,-0.010016379725993736,0.44262951361437697,3.1170133924960988,109.72361379496779,IR021
2720,1.4934775384615384,-1.3032203076923077,0.008666298677884616,0.5465665395465941,0.5463683313513928,-0.0014774275703240175,-0.4065528488886003,2.7334628542023216,63.04517668490485,IR021
2721,2.0471427692307693,-1.8435341538461536,0.006780203725961537,0.5604293193086627,0.5601966381149989,0.02551612931842845,0.537321315308092,3.6543289087188797,82.6223902343811,IR021
2722,3.1246412307692304,-2.437670769230769,0.01016775901442308,0.7266694463453618,0.7263857069266629,0.08139363262550993,1.1871905900417,4.301628185925607,71.44009863887182,IR021
2723,2.780425846153846,-2.9496129230769235,0.008413474759615396,0.7363837237823646,0.7360721591409244,-0.053704906339421266,2.2408220231240716,3.777382165084063,87.48729629214131,IR021
2724,4.755513333333333,-4.985046666666666,0.010117888020833328,1.1855109857484198,1.1849751780539883,0.06710445156629417,3.5661647045772416,4.013175483678078,117.11685043499737,OR007
2725,3.245601333333333,-3.0565493333333333,0.008570412760416656,0.8041806192239317,0.8038335468396341,0.07467921219116376,3.1055785485692753,4.037653499401456,93.79169583899427,OR007
2726,4.972109333333333,-4.927454666666667,0.005756673177083337,1.182696563271946,1.1821329504753866,0.05223204016113808,3.121988708975596,4.206049185359256,205.35001972690125,OR007
2727,4.471726666666666,-4.689992,0.00893354166666667,1.0792250149064693,1.0787349130413073,0.06513207577609159,3.4889304602599114,4.1453434134799645,120.75109215266136,OR007
2728,4.030188,-3.7393066666666654,0.0071684335937500015,0.957198355315688,0.9567577139891704,0.10543448184904188,3.331352285621468,4.212339175397145,133.4681700648446,OR007
2729,5.304306666666666,-5.200807999999999,0.011402899739583338,1.2464808121952549,1.2459242120048255,0.09430519071953633,3.885789954610095,4.257326902839032,109.26380486182822,OR007
2730,4.254713333333333,-4.18794,0.006994001302083336,0.9603007054727152,0.959857175351908,0.12458875340963067,4.97176345310547,4.432652526427639,137.24006243264364,OR007
2731,4.203381333333333,-4.188357333333333,0.011815342447916651,1.0954303318590723,1.0949590727068241,0.0501110617391396,2.2580725447262986,3.838847896791473,92.672648087309,OR007
2732,4.859429333333334,-5.086875999999998,0.008880967447916678,1.2354108830427557,1.234839444107826,0.0793680910624168,3.3723456660721416,3.935272197953056,139.04334762509438,OR007
2733,3.4563546666666665,-3.344092,0.01217154296875,0.8044148815658764,0.8041141280042786,0.04647105438882524,3.689410628034472,4.298338440147735,66.0650938068257,OR007
2734,4.985464,-4.896572,0.012330488281250006,1.254516025649346,1.2539639449666389,0.025765241120820712,2.7551030184534757,3.9757634340376806,101.69621156636936,OR007
2735,4.497184,-4.45712,0.00728377083333333,1.082617179504272,1.0821129427528484,0.08121613532966279,3.373667671835255,4.155928482436741,148.56493532178203,OR007
2736,4.0535586666666665,-3.929193333333333,0.009194782552083327,0.9549005321953531,0.9544784473838012,0.08720633268785315,3.8292915576557465,4.246883392471938,103.80652744936728,OR007
2737,5.007165333333333,-5.1407120000000015,0.014243130208333338,1.1588182101253923,1.158339813916944,0.08575166363349378,3.8585017741564163,4.32270847740399,81.32621109081944,OR007
2738,3.968005333333333,-3.828616,0.012182139322916662,0.9299276359616616,0.9295532879694716,0.06608108924732435,3.7197024093142654,4.268722820615371,76.30460162451308,OR007
2739,4.308549333333334,-4.174168,0.009253470052083324,1.0439065067449218,1.0434376941329304,0.06353946576615535,2.974223829988724,4.12918697259986,112.76177350333685,OR007
2740,4.8515,-4.760104,0.01200037109375,1.0889116713231817,1.0884460017552569,0.0814274018819949,4.09026040714459,4.457272103693102,90.70102859753548,OR007
2741,3.9271066666666665,-3.955485333333333,0.01512099739583335,0.9102056970502737,0.9098868053022215,0.07626833625943774,4.017072317003383,4.316038702596931,60.17372938328425,OR007
2742,4.766363999999999,-4.684566666666666,0.007390549479166663,1.0344755623734,1.0339967364934874,0.037632692362895126,3.508668268372679,4.609650912597459,139.907964814827,OR007
2743,4.389512,-4.514712,0.01514871093749999,1.014078988947144,1.0136969099142241,0.07233592743988812,4.0414718882153435,4.330201618520696,66.9163808126314,OR007
2744,4.157892,-4.062322666666667,0.00866496484375002,0.9543080300278708,0.9538813021523876,0.08993671943687895,3.889541292112764,4.358919700614652,110.08484389182672,OR007
2745,5.162413333333333,-5.2145800000000015,0.010452080729166634,1.1411376881380315,1.140628245423475,0.1019050530475655,3.803932189463288,4.525938537859644,109.12929922561169,OR007
2746,4.3423533333333335,-4.16916,0.01091179947916664,0.9563796376276208,0.9559748187145061,0.11740020729808645,3.8431508931286387,4.542330245866174,87.60927292878701,OR007
2747,4.094457333333334,-4.127426666666667,0.014855680989583325,0.9815462138178979,0.9811792948326448,0.00414704096839408,3.383876240273032,4.172996061878482,66.04741280595883,OR007
2748,4.876957333333333,-4.768033333333333,0.00817997786458332,1.2105970754896502,1.2100334684050091,0.09056036509793833,3.576135498488286,4.030431769595461,147.92625217777984,OR007
2749,4.033109333333333,-4.085276,0.0069157513020833075,1.0481815730490391,1.047692466092078,-0.0013234824703157288,2.3832221779342784,3.8495164028209,151.49365850915862,OR007
2750,4.781805333333334,-4.735064,0.013567408854166678,1.0029855819724411,1.0025875272553704,0.08907213515814254,4.206806562068087,4.769464214684326,73.89675788737408,OR007
2751,4.818113333333333,-5.0267800000000005,0.009905145833333323,1.1452159280713778,1.1446994597007782,0.059130825179832515,3.789537678534308,4.209064040785671,115.56613895058209,OR007
2752,3.8219386666666666,-3.860750666666666,0.0193057421875,0.961412539152044,0.961136895380038,0.11835598616906268,3.404644778855213,3.976476904630172,49.78502696479345,OR007
2753,5.127357333333333,-5.0284493333333335,0.0006011393229166664,1.2196131624304252,1.2190176509518988,0.049707730254551316,3.5944550769239183,4.206138712864013,2027.8454669000027,OR007
2754,4.170412000000002,-4.023093333333333,0.009866428385416674,1.0449400818231842,1.0444763341675558,0.09647768143131,3.6227920604414314,3.992825747769389,105.8616444945134,OR007
2755,4.085693333333333,-3.842805333333333,0.0080401875,0.9731798462082863,0.9727377734170308,0.017055254368385567,3.6604062165486497,4.200200141278692,120.98446378483473,OR007
2756,4.908674666666667,-5.036378666666667,0.009520824218750012,1.2709620037744769,1.2703769426244829,0.07602821986818728,2.8105830863862233,3.863951321822477,133.4314039873399,OR007
2757,4.364472,-4.494262666666667,0.010923618489583335,1.0332088689749757,1.032762020901144,-0.005556506697055513,3.0474900319377483,4.2260190747445865,94.54394822429735,OR007
2758,4.779301333333334,-4.760938666666667,0.0071879960937499985,0.9869700040508969,0.9865141545326924,0.102189152020078,4.5666375786168185,4.844635336831298,137.24467037349555,OR007
2759,4.43208,-4.621131999999999,0.011966136718749987,1.1034751112006196,1.1030010838569528,0.07868961462658319,3.473222097462477,4.018200947275581,92.17687460721035,OR007
2760,4.285596,-3.877444,0.009685475260416666,1.0559313156440648,1.055460038772526,0.1138927460063686,3.104821137327248,4.060405740215463,108.97348972497612,OR007
2761,5.083537333333333,-5.221674666666667,0.01335018359375002,1.0479108415148497,1.0474841188079456,0.0329869430843611,5.073237017232072,4.853092511911764,78.46215083501416,OR007
2762,4.064826666666667,-3.95006,0.010986789062500007,1.0064516162297596,1.0060200601303366,0.12137278562939954,3.6497732633397257,4.040502598069507,91.56633975654213,OR007
2763,4.171246666666667,-4.079850666666666,0.010959075520833342,1.0269410916950144,1.0264980353207431,0.018778804473514748,3.4986833189711546,4.063570044109539,93.66648065973787,OR007
2764,4.650762666666667,-4.8844693333333336,0.01509491406249999,1.249425013132048,1.2489060190494694,0.06273179773131665,2.1221568905164983,3.723869206913038,82.73687507450626,OR007
2765,4.296029333333333,-4.4128826666666665,0.011402492187500009,0.9954811917064291,0.99506033145018,0.05374541248166436,3.328833842466804,4.31735563920269,87.26691630984108,OR007
2766,4.791821333333333,-4.563122666666667,0.008040595052083339,0.9157963747647772,0.9153844136939846,0.11780227773369778,6.019818130006279,5.234763954518512,113.8453569374578,OR007
2767,4.403283999999998,-4.596092,0.009978505208333334,1.1145667061341522,1.1140670399443948,0.04236087100739778,3.238814505177132,3.952440779703684,111.6466862204978,OR007
2768,3.9584066666666655,-3.897893333333333,0.02091312760416669,1.0582321692132972,1.057922054855303,0.1293481024261477,2.347925010020486,3.741680824688049,50.58650599179269,OR007
2769,5.267164,-5.117341333333333,0.013487528645833323,1.0039716881810965,1.0035719849567823,0.13535135591966058,6.685253152565349,5.248416734377877,74.40740341017285,OR007
2770,4.490924,-4.309384,0.014786804687500009,0.9587975236566096,0.9584433181957068,0.1115203453977229,4.5605038916822105,4.685643808811015,64.81747331158873,OR007
2771,4.836475999999998,-4.7730413333333335,0.00783681901041665,1.1315431159351703,1.1310176206698708,0.04856195455825715,3.3597087794713456,4.27621631317776,144.32100820071634,OR007
2772,4.673298666666667,-4.8502480000000014,0.019921553385416683,1.1403384552889226,1.1399555985086838,0.07944783816446525,2.7857523113804445,4.099544467153268,57.22222441464698,OR007
2773,3.839049333333333,-3.9884546666666663,0.014181997395833304,0.9088890275055708,0.9085558185046162,0.038100847887050544,3.605605350672693,4.225441359950773,64.06402378634982,OR007
2774,4.894485333333334,-4.612785333333333,0.017090696614583345,0.9178618541393276,0.9175727492745092,0.1278415097843415,5.998792634767039,5.3341659690778975,53.68843470614021,OR007
2775,4.672464,-4.858177333333333,0.019820072916666674,1.2098903040763598,1.2094618047969623,0.06821783338937443,2.5814426836754194,3.8632588325386488,61.022066360811785,OR007
2776,4.467553333333333,-4.3398493333333334,0.008980817708333325,1.0528570234238266,1.0523811284900546,0.10134845908453176,3.3155566982729865,4.24518571493517,117.18099205081819,OR007
2777,5.104404,-5.160744,0.02213415364583331,0.9546371679622664,0.9544276140372296,0.06540590843509797,7.878028076217098,5.348131094414134,43.12013141812169,OR007
2778,4.445434666666666,-4.235098666666667,0.01885458203125,1.0341360284260068,1.0338029058598712,0.12535928778661698,3.7566537364131927,4.300079484656846,54.830327405106274,OR007
2779,4.9875506666666665,-4.669542666666667,0.016437390625000003,1.2293860100845726,1.228895513395123,0.061305067196770514,2.4758352497099976,4.058563655169791,74.76220170408725,OR007
2780,5.004661333333333,-5.0943879999999995,0.01318960807291669,1.0942647960741758,1.0938098823236668,0.07114112736185184,4.143112536817757,4.575439858617417,82.92967283612292,OR007
2781,4.2334293333333335,-4.327329333333333,0.016679069010416662,1.0222093482339187,1.0218462316474608,0.045186992599565566,3.4737590479175298,4.142922097494093,61.265183986545175,OR007
2782,4.8844693333333336,-4.60736,0.02545040494791665,1.0631849637980508,1.0629704233687165,0.19545173912352734,3.8044323928929904,4.595113115051406,41.76634617578964,OR007
2783,4.465049333333333,-4.609029333333333,0.005074838541666667,1.1608248872221605,1.1602690380816691,0.0184087358528014,2.399083676454416,3.8482879287338583,228.63171479355404,OR007
2784,4.40704,-4.365306666666666,0.020128182291666675,1.0216444927077042,1.0213438788177849,0.08964530107156769,3.612480437283998,4.314942392469411,50.74198275919997,OR007
2785,5.047229333333333,-5.042221333333333,0.015128333333333344,0.9143387329747534,0.9140173761355594,0.09966433625950816,8.298859410485202,5.522027770054964,60.417585731115494,OR007
2786,4.025597333333333,-4.151214666666666,0.015791828125000008,1.1338785654014203,1.1334347954118595,0.05403784966131791,2.5043779533034165,3.5516796816446234,71.7735012336869,OR007
2787,4.076094666666667,-4.101969333333333,0.01749947135416666,1.0975204894600017,1.0971240297827505,0.027262367264952896,2.4185682101890986,3.715254206467253,62.69469560413451,OR007
2788,4.866941333333333,-4.919942666666667,0.014458725260416682,1.084649797266577,1.0842164662402942,0.07014402673917293,4.146237118815998,4.4889018797235964,74.98700243018855,OR007
2789,4.079433333333333,-4.186687999999998,0.01678217968749996,0.9328868375238696,0.9325822282597236,0.044369542917507186,3.8001881780140847,4.374341703836556,55.56979162571761,OR007
2790,4.733812,-4.692913333333333,0.010526662760416678,1.0817929265317792,1.0813158183109195,0.06206519122036301,3.8357024083631375,4.3778255342592685,102.72161680499374,OR007
2791,4.409961333333333,-4.670794666666667,0.019218933593750008,1.0827707247099605,1.0824125346664228,0.059559484489532674,3.043545117884668,4.074196475091997,56.32011419293436,OR007
2792,3.638729333333333,-3.399597333333333,0.013303315104166668,0.8647135115769805,0.8643935624173748,0.06335361407440969,3.5169634190625665,4.209574771886562,64.97580156893692,OR007
2793,5.0706,-5.149476,0.011596486979166685,0.9522146247417356,0.9518202080589782,0.1031608965408964,7.698832078588987,5.327266596220247,82.07832335507656,OR007
2794,4.373653333333333,-4.311470666666667,0.021303154947916698,1.108720520985741,1.1083837637213931,0.017450403860478088,2.5079836478801987,3.945973837300552,52.0290898897952,OR007
2795,4.642833333333333,-4.502192,0.012381432291666652,1.0622540951394237,1.061807480307924,0.03313750184641608,3.536648364304745,4.3725754615958365,85.75804925433188,OR007
2796,4.8089319999999995,-5.0693480000000015,0.015544036458333337,1.0547208059270747,1.0543202702521954,0.026757961481337116,4.5571319347282175,4.56116811531063,67.82795917124615,OR007
2797,4.726717333333333,-4.562288,0.005896055989583322,1.0351193689092948,1.0346306161558565,-0.027431843239153517,3.787927879313373,4.568507116960574,175.47842455766337,OR007
2798,4.154553333333333,-3.8169306666666665,0.026408967447916657,1.0089422230306546,1.008795190862416,0.14738651134129388,2.7358813779770017,4.1183318189509,38.19896377440526,OR007
2799,4.679141333333333,-4.871949333333333,0.012875385416666656,1.0536386873715446,1.0532027933108803,0.09634520155255766,4.331356503898573,4.442773379496879,81.79971000693716,OR007
2800,4.024345333333334,-3.817348,0.01767349609375,0.940519636949508,0.9402264062672112,0.09194681427682287,3.659138014888347,4.2801875234608335,53.1997971018145,OR007
2801,5.185366666666666,-5.153649333333333,0.015072091145833315,1.0348897206253775,1.0344940824092117,0.06712790855575708,5.597092165014128,5.012466243006991,68.63640037734231,OR007
2802,4.4158040000000005,-4.394937333333333,0.013558442708333335,1.1074400308086036,1.1069821923062475,0.08070409622206404,2.6270399188747757,3.9890470060771888,81.64523139710363,OR007
2803,5.1006480000000005,-4.877792,0.017206033854166664,1.1300409422238922,1.1296200758151378,0.1020909209680922,3.933710325401948,4.515365926299916,65.65255452764241,OR007
2804,5.110664,-5.071434666666667,0.017821029947916674,1.0125084172660577,1.012170804927255,0.10680884888195108,6.2804856132427025,5.049211037426933,56.79642578938489,OR007
2805,4.806010666666666,-4.495932,0.02135165364583332,1.2210837199748508,1.2206740946000318,0.10731928469347007,2.2578477759475946,3.9371775709235575,57.17000260718639,OR007
2806,4.082354666666666,-3.95632,0.008195057291666669,0.97533194134178,0.9748900337045784,0.03662734730456013,2.7198734826498168,4.187502718797663,118.96073438021205,OR007
2807,4.716701333333333,-4.826877333333333,0.016510342447916663,1.0302743838547797,1.0299035441351674,0.08246016353840682,4.5336236304940565,4.579750560324609,62.379296334045726,OR007
2808,4.637825333333333,-4.503026666666667,0.022841256510416668,1.0473405668767526,1.047078207622146,0.12049503680836295,3.705633720592624,4.429301746108885,45.84153271710906,OR007
2809,4.909509333333333,-4.962093333333334,0.007634265624999998,1.0849787582602288,1.0844757254601285,0.031967998993676465,4.1996479842225645,4.5270808908611535,142.0537061100921,OR007
2810,4.116576,-4.126592,0.014723226562500013,1.0293513261578324,1.0289539326157735,0.05198827523045718,3.028396309581363,4.000738876166178,69.88644291031386,OR007
2811,4.507617333333333,-4.457537333333333,0.014934746093749991,1.1142835239655744,1.113839436948227,0.05988098361162982,3.6746809539717797,4.046918419124761,74.5804066541416,OR007
2812,4.897406666666666,-5.125270666666666,0.020556927083333325,1.1281607911256886,1.1277971631087982,0.037569834010864576,3.96500220030408,4.342453436544258,54.86214736944646,OR007
2813,4.764277333333333,-4.531405333333334,0.009084335937500007,1.2366568142842151,1.2360862125426288,0.08832100239663519,2.243336962326669,3.8543244678162183,136.06786682558518,OR007
2814,4.249705333333333,-4.192530666666666,0.01716609374999997,0.9042455492138384,0.9039669197160692,0.002613730550510595,4.162432364922316,4.7011735060704885,52.66002463234077,OR007
2815,4.562705333333333,-4.541004,0.013155373697916677,0.9974475044809051,0.9970471425828336,0.11054400370999436,4.196768420019088,4.576218253345296,75.79010414130073,OR007
2816,5.229186666666666,-5.146137333333334,0.012170727864583338,1.076716083807855,1.0762590328200017,0.09760968955899292,4.562949897181216,4.858669248949495,88.43012881356925,OR007
2817,3.454268,-3.3774786666666667,0.022694130208333302,0.7622391163703595,0.7622047644737489,0.0714327150313731,3.376831988203038,4.531942282445504,33.585987102244914,OR007
2818,4.394102666666666,-4.505113333333333,0.01367011197916665,1.0782760670537272,1.077836128435648,0.048260917587896704,3.3678220911258245,4.0767817581362635,78.84618136839539,OR007
2819,4.3390146666666665,-4.207554666666667,0.017015707031249987,1.0487548172648713,1.0483807003894423,0.10811620416345398,3.8654729749538417,4.138777702655964,61.61252650060627,OR007
2820,4.778884,-4.973361333333333,0.009002010416666635,1.1502725928491786,1.1497460405687885,0.03301472049538956,3.0128894864994726,4.156469195263198,127.72102978686944,OR007
2821,4.797246666666666,-4.503861333333333,0.022785829427083317,1.08928957110951,1.0889959695921725,0.101551786514181,3.2783943279092647,4.4052014889120565,47.792685057924096,OR007
2822,3.8599160000000006,-3.660013333333333,0.01437436197916666,0.7992983162429788,0.7990372435194857,0.04785179435445288,4.646110689483571,4.830708494886159,55.58766675540539,OR007
2823,4.896572,-4.873201333333333,0.016511972656249988,1.0649068280347394,1.0645147954964909,0.12980004909340132,4.355134853630569,4.599815822866258,64.46926830959588,OR007
2824,5.030536,-5.129861333333333,0.018187419270833317,1.1551909937966618,1.1547700310836004,0.06417976052991385,3.28752070377678,4.356309797267167,63.49279212666937,OR007
2825,4.585658666666666,-4.722961333333333,0.016359140625000018,1.0843428963523631,1.0839367585962418,0.047899365083999085,3.7612856147522833,4.230559237243092,66.25878360259163,OR007
2826,4.968770666666667,-5.111916000000001,0.016836384114583346,1.2669967045599768,1.2664898169001388,0.07574841842512478,3.3447862507036947,3.923261443055447,75.22338575081156,OR007
2827,4.336093333333333,-4.261390666666666,0.014554907552083338,1.0418344947369151,1.0414273763223452,-0.01007295762603357,3.292661150769169,4.163606058298217,71.55163113167829,OR007
2828,4.755096,-4.542673333333333,0.01519720963541666,1.0962516375735714,1.0958216126906426,0.06929328289665382,3.3998437661938734,4.339297514240937,72.10676426657048,OR007
2829,4.391181333333333,-4.373236,0.013883261718750012,0.9821967576674612,0.9818152146199964,0.048928573974566715,3.9034735943929397,4.472513022761522,70.71934783841235,OR007
2830,4.683732,-4.649093333333333,0.017498248697916666,1.0873549098936446,1.0869647000650011,0.040908470381894886,3.183760340109666,4.309001018818652,62.11848504555858,OR007
2831,4.854004,-4.756765333333333,0.01432464062499999,1.165095444296163,1.1646145102254628,0.023043847947278786,2.9862282498595154,4.167906167561223,81.30148188101322,OR007
2832,3.5519239999999996,-3.356612,0.01388244661458334,0.7111495224815736,0.7109377505370758,0.07531469345604769,5.654516796078258,4.99611111847234,51.211272067147334,OR007
2833,4.3436053333333335,-4.422064,0.015583161458333343,1.0470244861208926,1.0466291333530713,0.06329026390952988,3.6085904911237847,4.150090222902343,67.16410762678517,OR007
2834,4.913682666666666,-5.088962666666666,0.01830275651041666,1.355929308166666,1.3553906544735492,0.05912414916763752,2.1969055608965924,3.625288879223683,74.0539084209613,OR007
2835,3.9959666666666656,-3.833624,0.012369205729166671,0.8753355677934105,0.8749954852686026,-0.016958145916322758,3.763390765584436,4.566842611125017,70.73982795882823,OR007
2836,4.542673333333333,-4.347778666666667,0.011358476562500008,1.123393911574787,1.1229026939690203,0.08262653063718799,3.0988014438283003,4.045473715337494,98.86032583597358,OR007
2837,4.0539760000000005,-3.896641333333333,0.0053621627604166725,0.9365948631001191,0.9361527866995476,-0.013628138215798202,3.83497367176478,4.33046406270123,174.58492562184043,OR007
2838,4.514712,-4.604438666666666,0.02432230078125001,1.0531874843737157,1.052954056284204,0.1093577671132326,2.8902951113277604,4.287662859604796,43.291712644879524,OR007
2839,4.942896,-4.836058666666667,0.010680717447916658,1.0402354555561486,1.0397822620135766,0.05933323139591706,4.315342696395523,4.753779883134284,97.3513499522818,OR007
2840,4.522224,-4.644085333333333,0.009320716145833343,1.1930117717855089,1.1924655317187964,0.07138018031148058,2.59857196363025,3.7923309980136315,127.93711481621143,OR007
2841,4.677472,-4.890729333333333,0.013486713541666686,1.2215945589678814,1.2210724140275302,0.072108796940667,2.642121707485731,3.8306262153380715,90.53891522609078,OR007
2842,3.5569319999999998,-3.455102666666667,0.015103065104166643,0.7933679388404974,0.7931242705892735,0.030533785559349286,3.6183122197471733,4.484709561790714,52.51412644513237,OR007
2843,4.499688,-4.183349333333333,0.011587928385416644,1.0752449394228405,1.074782259559549,0.0957465557275587,3.4293660326038267,4.1866042726123815,92.75016412011641,OR007
2844,4.937888,-4.755513333333333,0.019417003906250015,1.1320883995734197,1.1317020713999058,0.09933556562426783,3.7185930100173046,4.363240224427508,58.2840729117652,OR007
2845,3.7685199999999996,-3.5903186666666667,0.0062424752604166595,0.9240898569731868,0.9236596258695404,0.07119295231691297,2.5928847099090935,4.079987794694701,147.9636822473991,OR007
2846,5.0589146666666664,-5.013842666666667,0.016683959635416662,1.0581591157087955,1.0577738940520645,0.031457116345604844,4.478502460364387,4.782604954719805,63.4006505150387,OR007
2847,4.546846666666666,-4.587745333333333,0.01173546223958332,1.1978221475081832,1.1972946453755628,0.06630256503167559,2.1568327268726666,3.7976004354721127,102.02364601686743,OR007
2848,4.928289333333333,-5.121097333333333,0.011357253906249972,1.25719679010714,1.2566340980959885,0.08843573348079728,3.4030250832186457,3.921817290172627,110.6459456193415,OR007
2849,4.547264,-4.403283999999998,0.01531417708333334,0.8615028785642187,0.8612182891678092,0.05309003378905233,6.604283807084823,5.28003649852118,56.23666779360194,OR007
2850,4.581067999999999,-4.329833333333333,0.016788292968749997,1.1175411675556848,1.1171215156617194,0.1187585574897702,2.8378028805323154,4.100778595501703,66.54169770215161,OR007
2851,4.8139400000000006,-4.783474666666667,0.003590533854166655,1.2354516888902365,1.2348535136824066,0.057895333790472014,2.4198602671248723,3.898389522854857,343.91919526100946,OR007
2852,3.0344306666666663,-2.7873693333333334,0.012685466145833331,0.7486798158599038,0.7484216749149871,0.07715666108469613,2.465500712850094,4.054439854392707,58.99835814553915,OR007
2853,4.8786266666666664,-4.690409333333333,0.01436132031249999,1.1131166909785453,1.1126657297792313,0.039915559412810685,3.7714977122264837,4.384629216210923,77.47656243073799,OR007
2854,4.3719839999999985,-4.531822666666666,0.01366318359375,0.9606499551325878,0.9602779804846848,0.12069010007168544,4.915823855979262,4.55283166838139,70.28215451367778,OR007
2855,4.054810666666667,-3.901232,0.008906643229166664,1.1013867013555678,1.1008848134443698,0.04178071545252292,2.0250602059703877,3.683228814811483,123.6026620937608,OR007
2856,4.939974666666666,-5.020937333333333,0.012597434895833344,1.2107275143390879,1.210201761835414,0.08917810459715865,3.512581785834045,4.081943046566559,96.06731623083787,OR007
2857,4.7050160000000005,-4.560618666666667,0.00953223567708334,0.8607581636489349,0.8603905741818347,0.09284070283370552,8.156788783052182,5.468465300743339,90.26115208736591,OR007
2858,4.531405333333334,-4.517216,0.011607490885416658,1.2125246355995651,1.2119880230331863,0.0666001626596476,2.19657813156404,3.7388202252962826,104.4142989210438,OR007
2859,4.610281333333333,-4.495097333333333,0.01609137890625,1.1933968642066737,1.1929225421180722,0.06898006615525422,2.633595619879377,3.8646946222909246,74.13426463127614,OR007
2860,3.2222306666666665,-3.060305333333333,0.011089492187499992,0.7382543625162452,0.7379771236305972,0.03230761765284985,3.4885636035193004,4.366301560696603,66.54742265497427,OR007
2861,5.029701333333334,-4.836893333333333,0.0105270703125,1.0982122101612215,1.097726320612295,0.04442639710097431,4.001397955605833,4.581926513821625,104.2765259493744,OR007
2862,4.547264,-4.656605333333333,0.013006209635416663,1.0183641046891052,1.0179498278304693,0.029228779142518417,4.373364220436653,4.467080671049838,78.26644782493223,OR007
2863,3.886208,-3.7968986666666655,0.014493367187500009,0.9847224740250534,0.9843482397139496,0.045770808949779314,2.495315759199345,3.9480011678888434,67.91715320390928,OR007
2864,4.910761333333333,-5.1019,0.014053210937500006,1.1416794097578091,1.1412083441302419,0.06451423944547521,4.046133182714051,4.303124279270855,81.20623458977677,OR007
2865,4.265146666666666,-4.242193333333333,0.004523828124999987,0.8743704451898269,0.87395511056952,-0.0297867779864358,5.550963744386347,4.8802811667149,193.189282709436,OR007
2866,4.404118666666666,-4.296446666666666,0.019291885416666658,1.1073932183588928,1.1070204781480042,0.08931435095649519,2.093216106664162,3.9783533851465513,57.382700251351615,OR007
2867,4.785978666666667,-4.803506666666666,0.011949834635416656,1.1542196469944406,1.1537178134356287,0.07833800335650609,3.3397242125802373,4.14830958743249,96.54675973642895,OR007
2868,3.04862,-2.977256,0.014649052083333326,0.7622651415172245,0.7620336678055396,0.03512628264459852,3.5831082154364537,4.000636886266769,52.019315889560445,OR007
2869,4.9182733333333335,-4.854838666666666,0.011215425781249993,1.0526424954700766,1.0521881594512412,0.006832903294152728,3.8821806098328535,4.674328720728441,93.81615820687745,OR007
2870,4.364054666666666,-4.675802666666667,0.012380209635416658,0.9923105329803164,0.9919031513723894,0.0011492223004092306,4.167480544095905,4.3996781950219574,80.12006101534861,OR007
2871,3.702164,-3.4851506666666667,0.013042889322916655,0.9152360489030392,0.9148820239434441,0.024741073114449227,3.2043588389743864,4.0466026253772585,70.14412231007552,OR007
2872,4.896154666666667,-4.958754666666667,0.010567010416666665,1.2041771866516602,1.2036354519705312,0.11127180093643664,3.7718639396861855,4.067805296571258,113.90501234598149,OR007
2873,4.6603613333333325,-4.402866666666666,0.017276132812500008,1.0415018003384888,1.0411364762310404,0.10433045182767174,4.471865616163711,4.476225201718074,60.26444040055853,OR007
2874,4.323156,-4.192113333333333,0.007163542968750001,1.0740790710419426,1.0735783902081701,0.05151298260647593,2.4031686417825995,4.026865703921003,149.8669575783257,OR007
2875,4.8823826666666665,-4.761773333333333,0.015044377604166674,1.1823314839624297,1.181849790367174,0.11227255574432027,3.4608897305409254,4.13113638167996,78.5575728995163,OR007
2876,3.066148,-2.9129866666666664,0.008237035156249994,0.7295354721051187,0.7292256891772175,0.0637620583573108,3.7032437649533017,4.204662624350937,88.53011737164978,OR007
2877,4.853586666666667,-4.573973333333333,0.019504627604166644,1.1532407139601528,1.152842479146043,0.046140244842413886,2.854222216686855,4.210103942614879,59.10610048764883,OR007
2878,4.688322666666667,-4.77012,0.01748194661458333,1.099661127691702,1.0992630720270982,0.07269155411316043,3.8949248597105037,4.26496876495738,62.87990097796658,OR007
2879,3.7493226666666666,-3.549837333333333,0.008950658854166675,0.8929842879155592,0.892593032334873,0.09109951709117636,3.4252493782571083,4.200483905704563,99.72372390434215,OR007
2880,4.8844693333333336,-5.053489333333333,0.01568301171875,1.2272413866499647,1.2267422533942491,0.06677639484731182,3.5059061932298983,3.981658999531964,78.22108886953157,OR007
2881,4.945817333333333,-4.750922666666667,0.007125640624999999,1.1809641156898387,1.1804088396751728,0.10386389546389957,3.742199493398117,4.189918922239122,165.65652153909645,OR007
2882,4.179176,-4.118662666666666,0.014590364583333331,1.0201512971433109,1.0197574372085847,0.044217209021937535,2.9975864809360164,4.0982059532115755,69.89252608351269,OR007
2883,4.7346466666666664,-4.568548000000002,0.01180515364583332,1.1644435708159595,1.163934724123115,0.12970646207051845,3.3111387121530913,4.067793982376162,98.5954744040058,OR007
2884,3.897476,-3.875357333333333,0.0127743125,0.9299170598974088,0.9295506673054686,0.09676240039314253,3.2401198803221916,4.1928602034118185,72.76717767045926,OR007
2885,4.680810666666667,-4.625722666666666,0.015294614583333354,1.037297874879089,1.0369040640412326,0.025744916228710727,3.2679339721142884,4.5142176880122,67.79537061176775,OR007
2886,4.516381333333333,-4.698338666666666,0.011220723958333323,1.0977505027715118,1.0972717340380271,0.053280384346015786,3.4674583888315618,4.116009911886433,97.78974494984469,OR007
2887,3.782709333333333,-3.677124,0.012493101562499994,0.8954764870324853,0.8951263219762579,0.07210203024158034,3.731557002575212,4.225894424578954,71.64964740726354,OR007
2888,5.110246666666667,-5.161995999999999,0.011820640625000012,1.214291076214448,1.2137555771904165,0.07290653201348636,3.2330009591141726,4.210276568611772,102.68103190815134,OR007
2889,4.632817333333334,-4.668290666666667,0.016475292968750003,1.0920280917679703,1.0916190786847546,0.08278034045055292,3.7635497068064607,4.2439871414809085,66.2579464143864,OR007
2890,4.198790666666667,-4.095709333333333,0.012826886718749991,0.969896143445116,0.9695073012542552,0.003367606136732164,3.2006351193079148,4.330849970118509,75.58399185338217,OR007
2891,4.871531999999998,-4.747166666666666,0.01357066927083335,1.2123921349590618,1.2118759870312268,0.12625695424446182,3.064131261072977,4.019827154042349,89.30112162086522,OR007
2892,3.2435146666666665,-3.169646666666667,0.011159591145833337,0.8956013655803267,0.8952335114141656,0.043369758534929546,2.257893269088872,3.6230934446846303,80.22099552889259,OR007
2893,4.977117333333333,-4.727551999999998,0.017990164062499973,0.986530426719332,0.9862127036948898,0.05988098019328185,5.034607754563918,5.046697649184949,54.81955029807784,OR007
2894,4.672464,-4.728386666666666,0.014829597656249997,0.9965379461901466,0.9961616248292592,0.05630436609498238,4.936406341049789,4.6904677750469,67.17388077008432,OR007
2895,4.78264,-4.637408,0.02107044270833333,1.0526695044981536,1.052366337152162,0.1188926234103079,3.838377006358268,4.544653160364703,49.94514599049941,OR007
2896,4.960424,-4.862768,0.008245186197916662,1.06102202848903,1.0605358765600528,0.054625416532278114,3.9476881331091422,4.677280712171283,128.62485468527342,OR007
2897,4.475899999999998,-4.336093333333333,0.011651098958333352,1.080147758800711,1.0796830806996536,0.1209057792768693,3.632502133356273,4.145568343165603,92.66791781280163,OR007
2898,4.190861333333333,-3.930028,0.015281165364583344,0.960895061403844,0.9605473200330664,0.04537073731859923,3.5074976948153753,4.36299310396188,62.8582504747508,OR007
2899,4.8093493333333335,-4.765112,0.01309098046875,1.185009452221652,1.184503035146352,0.11621221888873053,2.8153519231793713,4.060225419970418,90.48237738753996,OR007
2900,4.148293333333333,-4.05022,0.014226828124999985,0.93127678142133,0.930930661543062,0.07431479801143256,3.6669624278659754,4.456071224958193,65.43487089066544,OR007
2901,4.610281333333333,-4.3469440000000015,0.008666595052083339,0.9375929119128116,0.9371750643924284,0.05486547863269748,4.512831793257914,4.919338455000597,108.1364779086042,OR007
2902,4.566461333333334,-4.7730413333333335,0.015001584635416634,1.1319712878503585,1.1315178818357834,0.05087880140859787,3.5158324365359306,4.035695243211421,75.42655721612427,OR007
2903,4.687070666666666,-4.730890666666666,0.011463217447916677,1.1199114962885148,1.1194232258032073,0.03146977647444255,2.969015670217684,4.187040753334026,97.65349308685155,OR007
2904,4.851082666666667,-5.066426666666667,0.010324516927083348,0.9824332586096008,0.9820077135420168,0.07679447656597878,5.981100352531597,4.939963912471962,95.11415599174495,OR007
2905,5.234194666666666,-5.005078666666666,0.01123987890625002,1.2525501412460884,1.2519888498008267,0.08132693028880031,3.7274039345917815,4.180703899638844,111.38810838118981,OR007
2906,4.535578666666667,-4.226334666666666,0.01971451692708333,1.1076505117664226,1.1072850509079346,0.1059268545589845,3.2975590867233557,4.096125620902813,56.16597429211024,OR007
2907,4.659109333333333,-4.656605333333333,0.00476672916666665,1.1982409278635835,1.1976651922460793,0.011107226165326679,2.3559357032447474,3.8901600910649545,251.25513751048717,OR007
2908,4.153301333333333,-3.9617453333333335,0.010803798177083341,0.9445737937414612,0.9441742771461488,0.0701798624674514,3.6250955551526154,4.398871515423041,87.39280960920759,OR007
2909,4.792238666666666,-4.5910839999999995,0.007817664062499997,0.9644166198362396,0.9639772986311508,0.05862627736834751,4.848295855560706,4.971319006652597,123.3075879091794,OR007
2910,4.7020946666666665,-4.771372,0.011915192708333338,1.209834927935168,1.2093027452205771,0.050509416854501735,2.587081546665626,3.888269240477912,101.49250413506157,OR007
2911,4.151632,-4.038534666666667,0.003886009114583336,1.0046506714601529,1.0041675187774497,0.0401793316486069,2.828749808168073,4.134401802853089,258.4058578270005,OR007
2912,5.156153333333332,-5.104821333333334,0.01176073046874997,0.9758654130495652,0.9754596996833041,0.08722760387540489,7.196274682619082,5.2858701748594505,82.94210145154223,OR007
2913,4.353621333333333,-4.490089333333333,0.008411059895833335,1.0134590932070764,1.0129990389135175,0.09886054995723123,3.7935989327448953,4.297754653353637,120.43655038235269,OR007
2914,4.1215839999999995,-3.8812,-0.0017247604166666735,1.0843282104841967,1.0837999964186311,0.0572601631778612,2.4240607582495377,3.802900916792389,-628.3771275973605,OR007
2915,4.798081333333333,-4.7738760000000005,0.01811283723958334,1.091328944715739,1.0909463119776213,0.09721901046318304,3.492454443495695,4.398091162374045,60.230558997874425,OR007
2916,3.295264,-3.109968,0.00969077343750002,0.7548837610221812,0.7545773055821647,0.07759898945222489,3.564900080433464,4.367033007251215,77.86553988169877,OR007
2917,4.741324,-4.536413333333333,0.009913296875,0.9295086312101244,0.9291075461604836,0.08885221087487961,5.188025906801951,5.103094921135249,93.72336548334066,OR007
2918,4.405370666666666,-4.6678733333333335,0.008437958333333348,1.151013929622347,1.1504827173992296,0.05765976488021402,2.2095056330953606,3.829149799507989,136.346100792458,OR007
2919,4.317730666666667,-4.203381333333333,0.010929324218749986,0.96959109769603,0.9691791752395073,0.06254850031109918,3.5233384633974336,4.455038631633467,88.67695347319055,OR007
2920,4.896989333333334,-5.008,0.010321664062500013,0.9254452089292576,0.9250508070716812,0.12084367087681967,7.896808596442067,5.293751754928064,89.62225484866482,OR007
2921,4.859429333333334,-4.791404,0.004783031250000003,1.21770846797348,1.2171231367040771,0.08503396380929107,2.938698346733765,3.9925535771939087,254.4669004000499,OR007
2922,4.101134666666667,-4.055228,0.01339012369791667,1.124116559068864,1.1236473255713384,0.06842703187534488,2.027122697666834,3.6498415235237376,83.91612735781997,OR007
2923,4.864854666666666,-4.80768,0.006632095052083327,1.005750664316883,1.0052813322136882,0.12525078538254708,5.021282312047108,4.839296732939396,151.57824553462953,OR007
2924,3.8987279999999997,-3.7655986666666665,0.008957587239583325,0.9330659974611024,0.9326533047193984,0.066906049470048,3.501681620156913,4.180254313442856,104.11880786357622,OR007
2925,4.63866,-4.6011,0.01154350520833333,1.1147554897865444,1.1142708378251591,0.03519678712030872,3.2213639065835786,4.162955578245022,96.52794517048079,OR007
2926,4.655353333333333,-4.833554666666667,0.00851743098958332,1.1823634468153783,1.1818166731390731,0.04718263328858266,2.5034877863029124,3.939150156824283,138.75271482497672,OR007
2927,4.813105333333334,-4.7576,0.00894087760416667,0.975775887701126,0.9753402993193059,0.019978302961575545,5.131752550979356,4.934795923732897,109.08775877490744,OR007
2928,5.125270666666666,-5.002157333333334,0.008484011718749991,0.9148243311913652,0.9144168889323668,0.15393945057482133,8.897318302071685,5.604960635242323,107.78119116826186,OR007
2929,4.779718666666667,-4.815192,0.014515374999999988,1.3335378708067611,1.3329656054023231,0.07804631706892692,2.1207741972222696,3.585777943028038,91.83128960859258,OR007
2930,4.192113333333333,-4.141198666666667,0.00723160416666666,1.0944075724401348,1.0938969670526493,0.07908777921251968,2.7722055560985956,3.8322743910958903,151.26615642140032,OR007
2931,4.829798666666666,-4.903249333333333,0.01063221875,1.0167508361682125,1.0163098710202727,0.06601036045395818,5.026858728619434,4.752289438867729,95.58775030096822,OR007
2932,4.146206666666667,-3.962997333333333,0.008528842447916655,0.9487856159911294,0.9483605803808643,0.10785983059052244,3.6196609022474022,4.371972804902475,111.19452448233709,OR007
2933,4.586075999999999,-4.45086,0.014552462239583315,1.204023199274595,1.2035231378617506,0.04607724905286728,2.49177754317423,3.8105424446993923,82.70237146454271,OR007
2934,4.562288,-4.77012,0.0097543515625,1.0946509994879632,1.09415985188704,0.09105647832524603,3.225567657561444,4.1696722760679465,112.17145956615605,OR007
2935,4.193365333333333,-4.229673333333333,0.011270852864583335,0.9755516790270324,0.9751403565601892,0.046396554910830674,3.9225073104338866,4.300268474299888,86.51877264979616,OR007
2936,5.172846666666667,-5.161578666666666,0.011356031250000006,1.0606141974905057,1.060157015630251,0.12749960262091076,5.877594076378018,4.879321261286441,93.35629607661132,OR007
2937,4.692496,-4.647424,0.011933125000000004,1.1812202706533501,1.1807036664010826,0.07780461011884324,2.3728981968519163,3.974321528367279,98.94337538583414,OR007
2938,4.072338666666666,-3.942548,0.012552196614583329,1.0239863078846068,1.023563160610544,0.06329526445459037,2.9896207089334905,3.9785904997182215,81.5445449142625,OR007
2939,4.812688,-4.927454666666667,0.009959757812500004,1.01957769536558,1.0191284017107582,0.06789715535126586,5.045260304266387,4.722356860942338,102.32461681263979,OR007
2940,4.6995906666666665,-4.573138666666667,0.009506559895833329,1.040166515529783,1.0397019603947455,0.038706118041944036,3.7284181781332695,4.520132543447705,109.36679217162892,OR007
2941,3.615776,-3.49934,0.01139434114583333,0.9412987255653844,0.9409079897152756,0.0014253501039748462,2.3341586515581563,3.8428582172993933,82.57677891795839,OR007
2942,4.655770666666666,-4.730890666666666,0.012251015625000012,1.0761181790690963,1.0756623697552556,0.04077256522869313,3.6934753188698366,4.328282551825243,87.80189354752001,OR007
2943,4.258469333333333,-4.353621333333333,0.008742399739583346,0.9229677593792044,0.9225584049873884,0.016592186962301494,4.388532655446614,4.615934677210542,105.52690708139096,OR007
2944,5.037213333333334,-5.109412,0.008136777343749995,1.055546176767444,1.0550620238844726,0.05636158753011725,4.954482277858761,4.774329109854209,129.66583443442565,OR007
2945,4.692496,-4.879461333333333,0.01502603776041666,1.1194612276592442,1.1190153709061117,0.06022945132134985,3.4382586983577896,4.193415141563514,74.47175288311549,OR007
2946,3.820269333333333,-3.73096,0.009008531249999995,0.9530333577873068,0.9526104921468134,0.07127791484055551,3.5884676712430794,4.0103162465951145,105.74537243757842,OR007
2947,4.835641333333333,-5.008834666666667,0.013963141927083336,0.993625945412841,0.9932388111018734,0.09720097729678172,6.1156139471963025,4.86855857753766,71.13290234308634,OR007
2948,4.536413333333333,-4.401197333333333,0.004593927083333329,1.106816751617998,1.1062857200829508,0.0244934500810061,2.3638664056113603,4.1005802126716295,240.81481922003772,OR007
2949,4.185853333333333,-3.8895466666666665,0.009836677083333358,1.013464784310178,1.0130175671205683,0.06119457731305444,3.064541656070398,4.132063913986535,102.98371681194668,OR007
2950,4.678306666666667,-4.968353333333333,0.011810044270833342,1.1162792606994587,1.115796572234919,0.03981446353580385,3.6732961157412087,4.192795338397669,94.47861046469947,OR007
2951,5.0647573333333336,-4.9191080000000005,0.01931104036458333,1.0967654766404915,1.0963998929951386,0.0913857741984142,4.912127126953992,4.619443476501498,56.775806600557296,OR007
2952,4.081937333333333,-3.966336,0.0040930455729166395,0.9552334681312732,0.9547757049276469,-0.013495950313275116,4.127558847983498,4.275284040289509,233.26779238553368,OR007
2953,5.085624,-5.0610013333333335,0.005727736979166675,1.1176631887708282,1.117132005157019,0.11699664519330699,4.084674062401854,4.55239307129616,195.03898471950265,OR007
2954,4.310218666666667,-4.140364,0.012171950520833334,1.0560175580179052,1.0555719790747904,0.11431440842760013,3.5801234032236837,4.083301520039,86.72167844160136,OR007
2955,4.580650666666666,-4.8502480000000014,0.007239347656249972,1.1063991405334377,1.1058824700481829,0.04266348529017259,3.674376148939461,4.142077291872696,152.7599616097229,OR007
2956,4.382417333333333,-4.2684853333333335,0.01708906640625002,1.1258209026668184,1.1254008062725065,0.036556419647880166,2.622394732086064,3.8940947162180786,65.85501978393104,OR007
2957,4.909091999999999,-4.804341333333333,0.009943863281249986,1.04858307428864,1.0481181172889722,0.08167458476790154,4.336423891399582,4.683720201972745,105.40351246233337,OR007
2958,4.621131999999999,-4.798081333333333,0.009928783854166665,1.0649826615649978,1.0645088278855808,0.08930252303370083,4.260362802975713,4.341093167990809,107.21442258397582,OR007
2959,5.2767626666666665,-5.151979999999999,0.008808423177083361,1.2368141022566863,1.236241422738262,0.05988353719521387,3.173804516966156,4.2683917312677435,140.3476420109513,OR007
2960,3.9095786666666665,-3.623288,0.01479536328125001,0.8443984666035615,0.8441157358737753,0.17983601877600036,4.028441670872274,4.6315670950260355,57.052721168632154,OR007
2961,4.746749333333334,-4.860264,0.010726363281250009,1.1069118407390708,1.106423219704336,0.06429781923765547,3.58295998922439,4.2901750874333455,103.14989253052762,OR007
2962,4.152049333333333,-4.010573333333333,0.005891980468750023,1.0738690574345349,1.0733607507258125,0.017979556625463314,2.9476980721770447,3.8682701324095317,182.1731684988977,OR007
2963,4.9241160000000015,-4.954164,0.019414966145833344,1.0598443293681117,1.0595046012370009,0.12205956885423402,4.00028392615147,4.647564526148313,54.571539979964456,OR007
2964,4.525145333333334,-4.428741333333333,0.012021971354166671,1.0207703501813643,1.0203426310402273,0.047938561471936585,3.674986793259937,4.434927244704067,84.87315440878909,OR007
2965,4.234264,-4.0535586666666665,0.008647847656250016,0.9829867311245838,0.9825446975631952,0.06933715130332062,3.6653531406354585,4.309487406019675,113.61725328880944,OR007
2966,4.437088,-4.795577333333333,0.006328468749999997,1.145926549841555,1.145384361858098,0.06348783816057939,2.6870443583966197,3.87388561233885,180.98917875798915,OR007
2967,5.081868,-5.027614666666667,0.01570827994791665,1.1574916952427123,1.1570330111317493,0.05198553402200453,3.3927068511865164,4.39215471910277,73.65752424632612,OR007
2968,5.11442,-5.018016,0.012376541666666682,1.1247575894123951,1.124276382564986,0.10782784245488797,4.044347445651979,4.54907714803337,90.83930009244516,OR007
2969,4.896154666666667,-4.865272,0.014530861979166676,1.181894546939793,1.181406674505879,0.0944629478187731,2.9259650502760066,4.144343156614103,81.30327548356709,OR007
2970,3.835293333333333,-3.697990666666666,0.0021795885416666713,0.9097978952689258,0.9093561615810491,0.07183986992467202,3.84371251248072,4.217592067188629,417.2146000022966,OR007
2971,4.3344239999999985,-4.246784,0.01364199088541668,1.0025690910592662,1.0021722903579051,0.01676879986054775,3.5376111781259185,4.325028781679893,73.46231930335254,OR007
2972,4.347778666666667,-4.276414666666667,0.010876342447916668,1.0269194794342913,1.026475554888754,0.0936410865961866,3.7837914690233214,4.235637805459347,94.37690655698069,OR007
2973,4.671629333333334,-4.831467999999999,0.012661420572916656,1.1726129184714995,1.1721086016818665,0.037894532442001125,2.571217099382242,3.9856625287366567,92.5732302257662,OR007
2974,5.052237333333333,-4.968770666666667,0.007099964843750009,1.1754173735388582,1.174864752601943,0.07183044063686185,3.9988955841895706,4.300271433068591,165.4747281792752,OR007
2975,3.842805333333333,-3.6662733333333333,0.011072782552083306,0.7215421924296681,0.7212747887864508,0.10964005536878188,7.524981952485866,5.327796552821257,65.139434048648,OR007
2976,5.137373333333334,-5.115254666666666,0.018901042968750014,1.1814257098319807,1.180999959293677,0.14716314193131752,3.5049482747849683,4.3500199072029195,62.48332228259996,OR007
2977,4.694165333333333,-4.924533333333334,0.0012866419270833242,1.2510498829179555,1.2504395314540777,0.03416016560899983,2.2599818004850007,3.7540122614923295,971.8628820752693,OR007
2978,3.8645066666666654,-3.63706,0.01364647395833334,0.7849189523977892,0.7846542742598149,0.1099488318767728,4.820679131901897,4.925107519884674,57.49868256485837,OR007
2979,4.4162213333333336,-4.191695999999999,0.010083653645833338,1.031889130874358,1.0314344474788821,0.011022605179769185,3.6955603328554414,4.281630639860662,102.28777025726984,OR007
2980,4.957502666666667,-4.906170666666667,0.01759972916666666,1.289882221984773,1.2893723651973894,0.06978257188028726,2.94083044334048,3.8448960133465593,73.26092083504444,OR007
2981,3.588232,-3.6512493333333333,0.005916433593749992,0.9955984406178904,0.9951297777291452,0.019198566856595742,1.994707624347752,3.6057930134381393,168.1975740892928,OR007
2982,4.969605333333334,-4.944565333333333,0.01424639062500001,1.157322207988962,1.1568446957652947,0.03574360412276438,3.909892252469509,4.295827565726754,81.20265169026236,OR007
2983,4.220909333333333,-4.013077333333333,0.012653269531250013,0.8228563785243321,0.8225518230765795,0.1249444020025219,6.076484164449303,5.131481342471436,65.00705774464917,OR007
2984,5.0614186666666665,-5.087710666666666,0.0067380585937500065,1.2490122642711732,1.2484204297185266,0.03132108177659338,2.8434481275037364,4.054258121847487,185.27895125110948,OR007
2985,4.759686666666666,-4.972109333333333,0.02059442187499996,1.2384369597918912,1.2380034144513163,0.04529003452281966,2.3267708014560737,3.844647446934677,60.113530836918365,OR007
2986,3.6754546666666665,-3.5222933333333333,0.010324109374999987,0.7342995131027852,0.7340134902053272,0.07885044818197695,5.314119723330863,5.007339395953776,71.09702769933394,OR007
2987,4.228838666666666,-4.175002666666667,0.0035766770833333453,1.0455508782737577,1.0450463513004595,0.03833987242582743,3.662353426530231,4.046556079932993,292.1835902296527,OR007
2988,4.526814666666667,-4.745914666666667,0.013360372395833323,1.2673680177180568,1.266819488330414,0.050080373714010834,2.3228219878657432,3.573369930259531,94.81917500484451,OR007
2989,3.5577666666666667,-3.2355853333333333,0.014141649739583324,0.9044436893274116,0.9041125634235598,0.08439034890585619,2.0948540704920084,3.9350926097018735,63.93260900055351,OR007
2990,4.983794666666666,-4.820617333333333,0.010856779947916659,1.0977670856006592,1.0972846466081552,0.0895114147290658,4.053194427757654,4.541934202827137,101.06906945449478,OR007
2991,5.20206,-4.997984,-0.000290177083333331,0.8182209493628679,0.8178213813076534,-0.08456839091737245,9.75316659966624,6.360875514995925,-2818.352751751279,OR007
2992,4.868193333333333,-3.8645066666666654,0.023450954427083327,1.1213588070510412,1.1210564424777936,0.14592377620666214,2.069423952090093,4.342505112921435,47.80429922217128,OR007
2993,4.731725333333333,-4.862350666666666,0.010735736979166688,1.096438308933649,1.0959553916118543,0.1087422579697319,3.6923277407643207,4.317443364528042,102.08478409434014,OR007
2994,3.7192746666666654,-3.463449333333333,0.014266768229166657,0.7138994793164656,0.7136934214052576,0.17202110494418776,6.424219098394668,5.211305800386165,50.02488369764072,OR007
2995,4.290186666666666,-4.308549333333334,0.012068839843749998,1.1590320632300204,1.1585288559449916,0.04139348392558801,2.5688090310315896,3.703133197461221,95.99339049518915,OR007
2996,4.686653333333333,-4.968770666666667,0.014067475260416663,1.2715319956139264,1.2709888314673097,0.0587483401869292,2.5561440857735955,3.687407172510529,90.34946271017392,OR007
2997,3.49934,-3.4521813333333333,0.008697161458333323,0.8459893619332169,0.8456209063717534,0.0767031763199765,3.1025891970288395,4.138190025379545,97.2295283263378,OR007
2998,4.831467999999999,-4.796411999999999,0.012292585937499968,1.1288874295514075,1.1284030387591604,0.049116832034151695,3.9759478416780167,4.281686448941936,91.79541591137756,OR007
2999,4.999236,-4.9533293333333335,0.01739310026041666,1.0702493072004824,1.0698679881273845,0.18836584233595166,4.872973497324573,4.672759682014865,61.51105737958617,OR007
3000,3.9379573333333333,-4.055228,0.002942526041666672,1.0631960535039056,1.062680861884656,-0.002884181584682466,2.3275466636536226,3.705681992192273,361.14577979494936,OR007
3001,4.858177333333333,-5.011338666666667,0.011076450520833302,1.1524347374461843,1.1519251423095918,0.07741037717004733,3.6201273564719556,4.21744187612119,103.99767869165098,OR007
3002,4.0535586666666665,-3.8006546666666665,0.00472312109375,0.7497570878930009,0.7494057899983612,0.06891372810224733,7.143772971397108,5.40903035547074,158.66749446463126,OR007
3003,4.266816,-4.1942,0.018278710937499984,1.260803775121512,1.2603205549930314,0.060332600460430236,1.825314912915688,3.3855006038710465,68.95018797017029,OR007
3004,5.137790666666667,-5.085624,0.011163259114583345,1.2953079177885671,1.2947234150988236,0.0830582193038308,3.1672082067771785,3.968253456105534,115.98077244372442,OR007
3005,3.242262666666667,-3.099117333333333,0.010216108072916672,0.8003888533383009,0.8000631710567309,0.07254919181151982,3.298500430025596,4.052508331791172,78.31389070537847,OR007
3006,4.853586666666667,-4.694582666666666,0.007713330729166673,1.1426050818817892,1.142073080403792,0.09837987965350624,3.5445117226348275,4.2498039310677305,148.06484001590042,OR007
3007,4.8811306666666665,-4.940809333333333,0.012859083333333306,1.1517706450013936,1.1512799358576855,0.12744257701357756,3.7565891811656416,4.239742667825007,89.53048254017756,OR007
3008,4.157892,-4.213814666666667,0.013635062499999986,0.9648175871799616,0.9644427592242044,0.012314723520884144,3.668367631736888,4.311185874156595,70.73255140738851,OR007
3009,5.041386666666667,-5.120262666666666,0.009586440104166672,1.175303967952268,1.1747690635370518,0.08266680148754603,3.5579546676681,4.291385280003727,122.54487075201644,OR007
3010,4.2730760000000005,-4.3369279999999995,0.015380200520833352,0.936814914430818,0.9364836792780312,0.08911931392082884,4.9691689773276915,4.562894254915652,60.88891220953271,OR007
3011,4.211728,-3.9354533333333332,0.007584544270833336,1.0708637261318947,1.0703675878264594,0.05558931877968405,2.1960379693741983,3.9348426165935577,141.1248388308049,OR007
3012,5.238785333333333,-4.921194666666667,0.008957587239583337,1.2583095432674758,1.2577268828087664,0.09338905401017253,3.3347893513821445,4.165280558871442,140.40911343301298,OR007
3013,3.9884546666666663,-3.817348,0.008886673177083325,0.9129482272931088,0.9125456146242008,0.12738218283053782,3.818222824282597,4.370690738905329,102.68697817957849,OR007
3014,4.9558333333333335,-4.868610666666667,0.010569455729166687,1.1382809952940345,1.1377741522827307,0.0651638847937476,3.0050165919345453,4.355726770018797,107.647373851334,OR007
3015,5.161578666666666,-5.167421333333333,0.008719169270833355,1.1292424641493604,1.1287246189569562,0.10528231681490907,4.228739022888964,4.572929995481479,129.45322930392837,OR007
3016,3.155874666666666,-3.2084586666666666,0.008748513020833352,0.8403911195062607,0.8400262292900342,-0.017066694829358294,2.7155491293648826,3.756876341032732,96.01931520129536,OR007
3017,4.993393333333334,-5.137373333333334,0.014461985677083341,1.1470542736065217,1.1465852605132212,0.0754522657021946,3.821090999533484,4.3550126670024065,79.28269921675526,OR007
3018,4.181262666666667,-4.361550666666666,0.0064739648437500035,0.9968444176120106,0.996378590781416,0.002094466552392781,3.836215924199246,4.196459764744128,153.90546826081777,OR007
3019,4.278084,-4.106977333333333,0.01107808072916667,1.0306457060622012,1.0302019029077218,0.03921765637064552,3.086113202359805,4.152665596836118,92.99461956396277,OR007
3020,4.617793333333333,-4.927872,0.013833540364583315,1.1951927602581485,1.1946891208229593,0.033612928848198186,3.5353956806151,3.8652677527961212,86.36177647492228,OR007
3021,4.210476,-4.013912,0.020018143229166688,0.9353220909363896,0.9350795774722496,0.11356180950222795,3.791700232694161,4.502799656240973,46.711603906891156,OR007
3022,4.741324,-4.4838293333333334,0.00486861718749999,1.015981562540202,1.0154970275394468,0.01105631004123623,3.5312222988366835,4.6689688609805655,208.5801755263694,OR007
3023,5.159492,-5.1699253333333335,0.012102259114583331,1.1056151427653365,1.1051414268719446,0.13476263310776326,4.676696997434443,4.668626000749715,91.31695300923107,OR007
3024,3.169229333333333,-2.9643186666666663,0.012399772135416657,0.7906038867087655,0.7903150354367015,0.0181374902918702,3.1962822909048256,4.010083563173164,63.73625473159918,OR007
3025,4.947904,-5.071434666666667,0.011830014322916669,1.1456384951065557,1.145140072032521,0.08941485943478518,3.713423212040796,4.320784959710574,96.79955076759272,OR007
3026,4.216318666666667,-4.248036,0.013779743489583331,1.014089882285763,1.0136882632307591,0.02598832417398939,3.870768510414675,4.159383924628564,73.56365261784786,OR007
3027,4.401197333333333,-4.205885333333333,0.010583312499999985,1.053358658754581,1.0528973888417958,0.08784783028866414,3.4837562657315897,4.180081914890796,99.48656328931015,OR007
3028,4.903666666666667,-4.983377333333333,0.012307665364583336,1.252556078488774,1.2520048253394431,0.0970520834693096,3.3623721999146734,3.916651571480315,101.72561474918105,OR007
3029,4.193782666666666,-4.060236,0.005254976562500023,1.0239358911641203,1.02344929146802,0.07863081778385322,2.829996295158069,4.097694630919299,194.75810772810001,OR007
3030,4.916604,-4.685401333333333,0.020055638020833325,1.0107736936414695,1.0104790795219962,0.1298225907515394,4.139101262150967,4.865616814477528,50.383791254725196,OR007
3031,4.944982666666666,-5.124435999999998,0.009521639322916659,1.205413012650714,1.2048619121379414,0.13486359980996052,3.7262559127241652,4.1041903780426985,126.53933543125108,OR007
3032,3.5385693333333332,-3.6303826666666654,0.00477814062499999,0.8926870197784537,0.8922638247208979,-0.02960910329187016,3.433684014751525,3.965833014064204,186.73871171820096,OR007
3033,5.019685333333333,-5.249218666666667,0.019624040364583317,1.1878103663116228,1.1873924134955889,0.0950738310397534,3.2858555131087304,4.2274864453241525,60.50703073555368,OR007
3034,4.515963999999999,-4.647424,0.009500039062500005,1.0339375142437917,1.0334762032261289,0.020878539403491637,4.099367757957219,4.369683584298153,108.78652144764573,OR007
3035,4.212562666666667,-3.930445333333333,0.013068972656249988,0.9867164964148321,0.9863211707504334,0.04367457016902823,3.529042059655639,4.2709847376200765,75.47044413462325,OR007
3036,5.248801333333334,-5.251722666666667,0.00572406901041667,1.3421412213611943,1.3414979310318749,0.07523116359743534,2.7029849214070247,3.912642138252108,234.36089407563304,OR007
3037,4.221326666666666,-4.070252,0.016507897135416668,1.0510570288134422,1.050673383837113,0.0898404558099456,2.7382190066149503,4.017734465919529,63.646712553288104,OR007
3038,4.840649333333333,-4.7354813333333325,0.00611776432291666,0.9650026203578642,0.9645507140555256,0.09823372487199188,5.140176750783128,5.018553470330722,157.66392151498798,OR007
3039,5.081033333333333,-5.248801333333334,0.013923609374999979,1.1309252318531695,1.1304586376477117,0.11413693883118288,4.547496939386376,4.494665407578363,81.19005691709971,OR007
3040,3.725117333333333,-3.6666906666666654,0.016334279947916686,0.8863949564039475,0.8861126035507414,0.06950270624165827,2.9773783162767278,4.203887088848998,54.2486480197591,OR007
3041,4.9883853333333334,-5.240037333333333,0.0064144622395833325,1.0408666305859795,1.0403780451914622,0.08531888091878467,5.1185618637688926,4.794781431989286,162.19255899135862,OR007
3042,4.172081333333333,-4.227586666666666,0.014259432291666653,0.9508612636141512,0.9505038283051894,0.008512762478264494,4.150821286347842,4.389336696068259,66.65790116067053,OR007
3043,4.184601333333333,-3.9730133333333333,0.013463075520833343,1.0281861172016984,1.0277721326546625,0.0766459815165925,3.455895626079568,4.071526363071166,76.34007036982325,OR007
3044,4.793490666666667,-4.85776,0.01230685026041665,1.2347582796232677,1.234216582744458,0.06935381722312417,2.528939108473291,3.8838326544014268,100.28695861476042,OR007
3045,3.7025813333333333,-3.5590186666666663,0.011477074218749972,0.9416592893813596,0.9412693561598188,0.1296870423649102,2.9988695849056217,3.933604455624781,82.013005947289,OR007
3046,4.618210666666666,-4.620714666666666,0.012489433593750005,0.9689945306162492,0.9686017977297704,0.060994744293713425,4.741755445287696,4.767914614128248,77.55370093120001,OR007
3047,4.8435706666666665,-4.851917333333334,0.015933656249999973,1.1333747421345726,1.1329332529194054,0.16837336691109867,3.498011452956675,4.2752480379452935,71.10315643463234,OR007
3048,3.950894666666666,-3.8044106666666666,0.008708572916666659,0.9477821654722176,0.947359295669998,0.015826443939781706,2.544534079872009,4.170428985839513,108.78467743629051,OR007
3049,5.107325333333334,-5.1711773333333335,0.012314186197916651,0.9584781253990009,0.9580891437142776,0.10667914443271544,7.54812585499894,5.3307412643603085,77.80369147547646,OR007
3050,4.29436,-4.601517333333334,0.012193958333333331,1.049241121008262,1.0487995605503782,0.010902717464096464,3.8668553712180684,4.094547863603652,86.00977073075492,OR007
3051,4.792238666666666,-4.672464,0.009378996093749987,1.2655663020212955,1.2649829687294871,0.06478964573121371,2.9821214258349027,3.788381966501773,134.87402661063604,OR007
3052,4.864854666666666,-4.997566666666667,0.013046964843749998,1.144736913976124,1.1442522081860862,0.08096647407201292,3.1618333077899443,4.251558032279114,87.70255932238733,OR007
3053,4.0881973333333335,-4.082354666666666,0.01229258593749998,0.9907259693814651,0.9903183937123884,0.06123867937696184,3.517545625446089,4.128164597658317,80.56225099808377,OR007
3054,4.769702666666666,-4.447521333333333,0.00959051562500001,0.9655216945220156,0.9650977865640704,0.093766484999093,4.694347592798058,4.942196255208193,100.63043785136105,OR007
3055,4.859012,-5.013008,0.009464582031249991,1.2709978254295888,1.2704123255291595,0.10728618113755344,2.6882845512393247,3.824751934751653,134.22804317555008,OR007
3056,4.050637333333333,-3.859081333333333,0.012279136718749991,0.9349540561757222,0.9345780935297427,0.03318409238525536,2.9734455964472937,4.334188187564684,76.11105853253194,OR007
3057,4.992558666666667,-4.967936,0.012446640625000005,0.9433135136843164,0.942934949618067,0.0819036685460344,6.835964563267275,5.294701048772121,75.75818873761905,OR007
3058,4.582319999999998,-4.699173333333333,0.009375328124999992,1.0347552158085946,1.0342923329626803,0.016526998716238684,4.229595259801572,4.4303915382164405,110.32065429311909,OR007
3059,4.761355999999998,-4.819365333333334,0.011725273437499987,1.2700615244331688,1.269495375183899,0.052504831169788165,2.2898519243622215,3.7505894807299063,108.27000171473827,OR007
3060,4.836475999999998,-5.099396,0.01452597135416668,1.0511317288175557,1.0507187696217701,0.028615149492307194,4.484392527840623,4.603016658530804,72.3338043290563,OR007
3061,4.192113333333333,-4.221744,0.010831919270833346,1.0520942733713257,1.0516362161887682,0.07403723144788184,3.31714775624478,3.9862770688194433,97.08678488958692,OR007
3062,4.618210666666666,-4.605273333333333,0.009591330729166665,1.0717873496544663,1.0713068242557775,0.021350089346421904,3.7150460337508036,4.3108197970034166,111.69532721856808,OR007
3063,4.979621333333333,-4.849830666666667,0.01825507291666669,1.1932752894380003,1.1928321889306428,0.12191291890609578,2.6669205482839127,4.174620185088645,65.34250475886073,OR007
3064,4.0101559999999985,-3.754748,0.0088398046875,0.8853117777932891,0.8849235440842608,0.0514243369156784,3.4874742149964995,4.531641209919215,100.1066850872389,OR007
3065,5.122349333333333,-5.0393,0.013339179687500013,0.954545765580034,0.9541728092644476,0.09007325238038492,6.935216620753782,5.3683664883324935,71.53159576661163,OR007
3066,4.56354,-4.639077333333334,0.01335344401041667,1.1402351301909108,1.139756466258196,0.033199342459968674,2.929249461637622,4.003960613605497,85.35299697734173,OR007
3067,4.275162666666667,-4.3031239999999995,0.01244338020833332,1.0938428676395908,1.0933794434524144,0.07590313145446265,2.6659328059460927,3.910044854298313,87.86836254671213,OR007
3068,4.689157333333333,-4.895737333333333,0.010007848958333357,0.9922852822253762,0.9918511408210782,0.06019157918357153,5.1119145938399635,4.727682552697914,99.1073251555402,OR007
3069,3.768937333333333,-3.752244,0.014237016927083347,0.9480607820180296,0.9477046933941534,0.0946294746316788,3.4542313990171563,3.9769111196812656,66.56624054378392,OR007
3070,4.568965333333333,-4.541838666666666,0.015630029947916683,1.1001550992611588,1.0997288604001176,0.04766283519424142,2.6052845330831085,4.154628925234347,70.35999700990337,OR007
3071,4.970022666666666,-5.050985333333333,0.009130389322916665,1.1487053421662912,1.1481806171114055,0.12746569732925492,3.5673569313918225,4.328607008860901,125.7537413250878,OR007
3072,3.8857906666666655,-3.7918906666666654,0.009971169270833323,0.7721628386594692,0.7718501230434672,0.04841899640608245,5.423228167859001,5.0343849805253384,77.40818574820575,OR007
3073,5.111916000000001,-5.009669333333333,0.005934365885416686,0.9329622332079419,0.9325254565943399,0.16827785760028832,7.822458016310347,5.4817978038574315,157.1398654211666,OR007
3074,4.5543586666666664,-4.692078666666666,0.02010617447916665,1.1934798342448238,1.1930663699574953,0.04033558970673518,2.277427121558637,3.8173556654932126,59.338307801601495,OR007
3075,4.462962666666667,-4.227586666666666,0.011822678385416664,1.118554364257266,1.1180705710331926,0.0997086008553104,3.3739499700286384,3.991664553465984,94.56998952219985,OR007
3076,4.799333333333333,-5.041804,0.011884626302083355,0.9867885625673024,0.9863782145776888,0.03770342364585636,6.1396112086801455,4.8656116511941985,82.99614893274162,OR007
3077,4.501357333333333,-4.316061333333333,0.007182290364583325,1.1384860412541749,1.1379526701431393,0.019321051997698343,3.0944474996460998,3.955663052987188,158.43868910598644,OR007
3078,4.960841333333333,-4.7025120000000005,0.019224639322916667,1.1678220898470553,1.1674100291322096,0.10131460257844707,2.591653323675016,4.249442106490174,60.724677822205095,OR007
3079,4.998401333333333,-5.038465333333333,0.013681523437499992,1.1020533134956378,1.1016000334569218,0.10184530104713643,4.093439399055671,4.537401217797617,80.51735163041286,OR007
3080,4.098630666666667,-3.9296106666666666,0.013664406249999986,0.8779246207493593,0.8776022268476238,0.025771681932881776,4.234921950302189,4.670260103360361,64.22541973586482,OR007
3081,4.907422666666666,-4.962928,0.013414984375000013,1.0363411443778796,1.0359218591733923,0.06663729798523507,5.0221936875535125,4.73725177551762,77.22124977677369,OR007
3082,4.568548000000002,-4.727969333333333,0.008497868489583324,1.1499975576033927,1.149467310471346,0.045985650849083064,2.619909528381859,3.9744914521550334,135.2653682367951,OR007
3083,4.667456,-4.639077333333334,0.011407790364583316,1.123909915049721,1.1234189187296817,0.08141526657211635,3.7366424001591008,4.154688800574747,98.47822258528292,OR007
3084,4.868193333333333,-5.167004,0.011142473958333312,0.9955027488717904,0.9950789311303779,0.060243682515898164,6.417621773725273,4.892268523666981,89.3050264107794,OR007
3085,4.6278093333333326,-4.387008,0.009170329427083332,1.2859183028330543,1.2853229736297362,0.09770107931239558,2.054841795421384,3.60050308621222,140.16104697762634,OR007
3086,4.289769333333333,-4.020589333333334,0.00952489973958334,1.0181325653349202,1.0176798836372527,0.1080152543824752,2.8589550332850218,4.215244304526709,106.84415704744946,OR007
3087,4.911178666666666,-4.9954800000000015,0.015762076822916686,1.0966288175091925,1.0962065487437824,0.09191529920511386,4.473323429114168,4.480158116455991,69.54708830945384,OR007
3088,3.877861333333333,-3.7480706666666666,0.013464298177083323,0.8590234538531774,0.8587094708522244,0.14991591552465444,3.7940931376637135,4.515917740472523,63.776771693438576,OR007
3089,4.931628,-4.908257333333333,0.006458477864583342,1.0444989386602834,1.0440087818421673,0.05106702341988405,4.08060971156158,4.72374187437205,161.64935511620268,OR007
3090,4.609864,-4.866941333333333,0.009223311197916669,1.1128269887381683,1.1123217237155203,0.046112033905924686,3.5141257698437234,4.144362104698933,120.59895842685741,OR007
3091,4.317730666666667,-4.2689026666666665,0.013415799479166659,1.030674893396119,1.03025886371145,0.09307232542447676,3.8243849921795063,4.19091824273395,76.79444414112888,OR007
3092,4.771789333333333,-4.948738666666666,0.014212971354166671,1.110836127757126,1.1103845618736508,0.10382537296336564,4.769219740457476,4.29742045880165,78.12473086763315,OR007
3093,4.250957333333333,-4.209224,0.006018321614583326,1.0917033172226678,1.0911867255826613,0.014232036860933744,2.125145858129001,3.8957194343282064,181.3108031545783,OR007
3094,3.7735279999999998,-3.7372199999999998,0.01013133723958333,0.9747392793351796,0.9743158924957188,0.05208026518981842,3.058147057732912,3.8730026155419415,96.16853821517736,OR007
3095,4.992558666666667,-5.032622666666667,0.007105670572916659,1.1144469602668712,1.1139253273730911,0.07964094186401459,4.092471789547783,4.48195093870461,156.7656867768159,OR007
3096,5.035544,-5.044308,0.008403723958333345,1.0414791350309236,1.0410043970375606,0.026066919008589876,5.492740188730629,4.837197627915794,123.87417794765551,OR007
3097,3.506434666666667,-3.370384,0.013169638020833329,0.8689322886075114,0.8686077449320642,0.055801368877921406,3.2533993893783735,4.036844809553148,65.95532417504529,OR007
3098,4.655770666666666,-4.819782666666666,0.005079729166666672,1.0950947855387425,1.0945717278401843,0.0243355073126098,3.7341255855916407,4.253508973645301,215.4783634967776,OR007
3099,4.2663986666666665,-4.166238666666667,0.01224938541666669,1.0592846506490323,1.058838152606762,0.1065189109989186,3.5861402810774505,4.029320870392879,86.4401042656468,OR007
3100,4.8444053333333335,-5.090632,0.00629097395833334,1.111583893579894,1.1110588057711568,0.030791912033415064,3.881118531776385,4.360170054159248,176.61157288680118,OR007
3101,4.36322,-4.287265333333333,0.01321487630208333,1.0686847240462378,1.0682445192890253,0.05847118274546274,3.135096325334543,4.0844768414107655,80.8365129472015,OR007
3102,4.626557333333333,-4.373653333333333,0.007314337239583333,1.057099941406788,1.0566089701686356,0.09535863457700926,3.5177798607775213,4.378684512393389,144.45724001493073,OR007
3103,4.863602666666667,-4.905753333333333,0.012493509114583351,1.0938898399766686,1.0934269614322958,0.07441325588226043,4.0202151042458105,4.4480361635639225,87.51960329191793,OR007
3104,4.874035999999999,-4.886138666666667,0.01830683203125,1.131780187474679,1.131375546924544,0.038852513550501726,3.3221714976381134,4.308061998731769,61.80072800106928,OR007
3105,3.879948,-3.5869800000000005,0.005620550781250002,0.759547674318966,0.7591975163786855,0.13584274501693394,5.039392076722973,5.1105910073403,135.0752881570516,OR007
3106,4.466718666666666,-4.750922666666667,0.012334563802083335,1.0660112412008305,1.065561993395888,0.0305015103253108,3.899671679331548,4.191890002036838,86.38829961833851,OR007
3107,4.884052,-4.832302666666666,0.008150634114583319,1.268899980258582,1.268306438706103,0.09987277508616964,2.9593455932806263,3.8508453879510363,155.60831474901042,OR007
3108,4.659109333333333,-4.392433333333333,0.012383877604166696,1.0179758255581075,1.017554005816888,0.08977774758189225,4.129025487552012,4.578734206439512,82.16764072946913,OR007
3109,4.286848,-4.2697373333333335,0.01267894531249998,1.0823924978000057,1.0819381498879856,0.06936883897188338,3.2856622185494264,3.962193218201819,85.33345031635395,OR007
3110,4.986298666666666,-4.6637,0.009668765625,1.0798055468590952,1.0793214774542603,0.12354123156060486,4.076866765382077,4.619845681592096,111.62970738100401,OR007
3111,4.9904720000000005,-5.161161333333332,0.01152149739583335,1.194237708605114,1.1937100454052103,0.060101930377370036,3.1440607401312377,4.180640029971401,103.60719656430292,OR007
3112,4.932462666666666,-4.985881333333333,0.0060415520833333285,1.1663782545362555,1.1658242492095627,0.03762447571876009,3.229517875584292,4.230880143392892,192.9676733940094,OR007
3113,3.3094533333333334,-3.029422666666666,0.00980937109375,0.7213169704166345,0.7210314083927807,0.09189387550133428,3.7404074354195886,4.589887895050633,73.50434615040538,OR007
3114,4.941643999999998,-4.9454,0.012648378906249995,1.1122927194890042,1.1118214231536396,0.011353038455472341,4.0056908230465735,4.444638227947804,87.90228624509744,OR007
3115,4.937053333333333,-4.9141,0.015926320312499978,1.3115831384042504,1.3110392994350613,0.0843933236287891,2.3637981223579883,3.7657554090565815,82.31903375735041,OR007
3116,4.54476,-4.396606666666666,0.004496114583333336,0.8927840155113997,0.8923593061495506,0.06798840684625315,5.679705861362834,5.09297092402188,198.4734351427431,OR007
3117,4.235098666666667,-4.103221333333333,0.011849576822916656,1.0023015078832744,1.001882060110167,0.05742516563326264,3.3880464709051,4.227142929578932,84.55002867043855,OR007
3118,5.005078666666666,-3.932114666666666,0.021312121093750032,1.0478567215395047,1.0475617624436675,0.25578276489528823,3.586086073100992,4.777836349229874,49.15333193892533,OR007
3119,5.024276,-5.018016,0.003116550781249989,1.0748346967182036,1.0743142674118489,-0.06888664358297122,3.563748600947653,4.676728358177799,344.71258221595923,OR007
3120,4.859846666666666,-4.750088,0.010902018229166664,1.0819984147386847,1.081524914966062,0.08082310608669806,4.073370384208667,4.493513371182177,99.20410076664608,OR007
3121,3.2702240000000002,-2.8549773333333333,0.009909628906250002,0.6841918310413223,0.6839294667387269,0.12116331701953555,3.9189027578743763,4.7815223046228,69.01665775873529,OR007
3122,4.5948400000000005,-4.6294786666666665,0.015364713541666696,1.2214475747414064,1.2209476996552042,0.05606804040555235,2.5860991693456405,3.763338922132033,79.46439719453181,OR007
3123,4.9616760000000015,-4.915352,0.005173466145833335,1.1731216213769322,1.172560081180926,0.08419962381707266,2.866259926684835,4.231489780040033,226.648836220818,OR007
3124,3.9296106666666666,-3.8144266666666655,0.013920348958333342,0.773630451195779,0.773377898893385,0.08267158463817925,5.989603575174232,5.081100290413636,55.55736434541078,OR007
3125,4.207554666666667,-4.111150666666667,0.008743214843750001,1.0502979655958438,1.0498214081620558,0.09603397373724172,3.3861844940985657,4.0078766102064165,120.07269945019254,OR007
3126,4.904918666666666,-4.963345333333333,0.006018729166666662,1.327944075280802,1.3273091528449021,0.10089083064034468,2.423550465750698,3.6953852507938016,220.5298022373056,OR007
3127,3.8315373333333334,-3.839049333333333,0.017091104166666687,0.9264156268313328,0.9261208823387428,0.08533273110905015,2.756172710395168,4.1371892227043965,54.18730547233953,OR007
3128,4.862350666666666,-4.8085146666666665,0.014305078125000004,1.1139269386576316,1.113474790343886,0.05671654580232877,3.8365659934833585,4.366826001660061,77.83772871522753,OR007
3129,4.414552,-3.9796906666666665,0.014274511718750016,0.8496642236452161,0.8493692044996081,0.1406795147504153,5.740393452222586,5.197447678363568,59.50250497072591,OR007
3130,4.8093493333333335,-5.044308,0.00448103515625,1.3106539086581503,1.3100214485062938,0.03629059299216523,2.197521261856177,3.6711989248855623,292.34795149489486,OR007
3131,4.919942666666667,-4.934549333333333,0.01578489973958334,1.2006836673517238,1.2002010578662112,0.06971715640259239,3.151109806026957,4.099265397593993,76.03475965428538,OR007
3132,4.533074666666667,-4.374905333333333,0.014483993489583338,0.8226558319062796,0.8223816041491352,0.08905994391707102,8.004060416985997,5.512130431658603,56.77865049722504,OR007
3133,4.680810666666667,-4.753009333333333,0.007830705729166677,1.1884938652813082,1.1879392139240752,0.07130714283998077,2.9173449681708723,3.94027792988222,151.70270152017224,OR007
3134,5.154484,-5.143216000000002,0.018125471354166662,1.3705372015776496,1.36998773926927,0.07440067574696532,2.3924544556253027,3.7624307519345552,75.58356483536848,OR007
3135,3.299437333333333,-2.9839333333333333,0.006211501302083335,0.8236445174245569,0.82326568209377,0.0605560075566715,2.4261494715875003,4.007743071400767,132.53892127779915,OR007
3136,4.909091999999999,-4.769285333333333,0.013672964843749974,1.1056145011235232,1.1051591022330982,0.016965793598080533,3.8136457485148494,4.441977621213657,80.82805118439806,OR007
3137,4.8139400000000006,-5.011338666666667,0.00902687109375001,1.0547964377971233,1.0543199184894851,0.060963598182115775,4.549200373462283,4.565919618493872,116.7979366869957,OR007
3138,4.216736,-4.321904,0.011261886718749977,1.1449700500308435,1.144466257556602,0.024674960053690662,2.169338457329257,3.684456376199848,101.62295946834324,OR007
3139,4.859012,-4.896989333333334,0.013100761718750005,1.1674877790716047,1.1669911149991377,0.09373137942566716,3.526226823619422,4.163709506908791,89.07811164360945,OR007
3140,4.771372,-4.673298666666667,0.010285391927083349,0.8642218786364769,0.8638610248950801,0.12663506078766,8.284056604724185,5.523309725171946,83.98912078599294,OR007
3141,4.153718666666666,-3.987202666666666,0.020611539062499976,1.179706714490058,1.1793106791587615,0.07688717036411255,2.1670290578531635,3.5221581047918957,57.21604173190369,OR007
3142,5.035126666666667,-5.081033333333333,0.003751109374999997,1.2392186179297973,1.2386190629724838,0.054862121002141606,2.8309262447090164,4.065113170939888,330.20073240932487,OR007
3143,3.099952,-2.827433333333333,0.011653136718750002,0.7292152366647447,0.7289522378884536,0.06182754543626739,2.7040469173723807,4.252613324817536,62.55416507004187,OR007
3144,4.905753333333333,-4.609029333333333,0.010564565104166665,1.0963321659869023,1.0958476420391696,0.06792893309491374,3.7413994425489485,4.476674626232379,103.72860891424368,OR007
3145,4.6632826666666665,-4.908674666666667,0.021328423177083326,1.1694250627108975,1.1690484917333808,0.04483900953932199,2.8402293352496235,3.9889557188105065,54.811763721449616,OR007
3146,3.891216000000001,-3.76226,0.00902361067708333,0.9902435101399468,0.9898010078344496,0.05087210187858305,2.6095964960041043,3.9313114143149375,109.69012773879773,OR007
3147,4.934132,-4.9767,0.010232817708333328,1.1223516392975526,1.121850151838738,0.12228409023808408,4.0200425797331265,4.398209504106092,109.63257470375281,OR007
3148,4.362385333333333,-4.288517333333333,0.006363518229166648,0.8631791233202469,0.8627810138566522,-0.0274068152162299,6.978726863962027,5.056190694129167,135.58239055592995,OR007
3149,4.116993333333333,-3.9079093333333335,0.01867077604166664,1.153057833889762,1.1526459061452952,0.09870392102668857,1.907688893025032,3.5717763030118035,61.735297106718704,OR007
3150,4.868193333333333,-4.9579200000000005,0.013488751302083306,1.216795615708084,1.2162761309063943,0.10889137967513306,3.316523105228105,4.002539562874964,90.16966090245458,OR007
3151,3.2760666666666665,-2.959310666666666,0.014845492187499996,0.6762435004597053,0.6760762334032165,0.05018065486839335,3.93854333539362,4.845706008885537,45.54084329871375,OR007
3152,5.054323999999999,-4.650762666666667,0.010626920572916662,1.1437872443238022,1.1432780084259724,0.07993113403437359,3.1782220351498323,4.420905468966928,107.58318937093443,OR007
3153,4.634904,-4.9141,0.010922395833333334,1.174168129224353,1.1736454900088211,0.07408937937909699,3.407735044974121,3.9491516300762712,107.45311815444836,OR007
3154,4.347778666666667,-4.291856,0.01466331640624998,0.9885821240034054,0.9882080952278094,0.057038830997006386,3.838292125176757,4.399659026942482,67.39321909514297,OR007
3155,4.832302666666666,-4.8798786666666665,0.012104296874999995,1.1339884408719545,1.1334992312433747,0.0906760049191382,3.7088844294257415,4.2631724252392695,93.64436802475363,OR007
3156,4.838562666666666,-4.678306666666667,0.018027658854166656,1.0504043597701136,1.050046106577452,0.1520380895215556,5.103220565950672,4.607952580708675,58.24639322674776,OR007
3157,3.925437333333333,-4.039786666666666,0.006244105468749988,1.1038254882441072,1.103304048579392,0.033484652101039215,2.3999277935195904,3.5578926211570634,176.6952935214055,OR007
3158,5.126522666666666,-5.055158666666666,0.015457635416666681,1.2842905604048376,1.283756377845573,0.09986335280205333,3.416606782627292,3.99337659008955,83.0499842467112,OR007
3159,3.3774786666666667,-3.1041253333333336,0.01224734765624999,0.820170956779376,0.8198618672785687,0.10543599996774627,3.2031027883727416,4.119570383091233,66.94199350666607,OR007
3160,4.721709333333333,-4.654936,0.010840070312500005,1.19528669369259,1.19475209242755,0.06219031292188711,2.257545039100881,3.9520410663098775,110.21626779024176,OR007
3161,4.908257333333333,-4.960841333333333,0.016689257812499983,1.1929717761560026,1.1925059178857602,0.07297311982369502,3.581433566287238,4.115918637984935,71.45350208399277,OR007
3162,4.222161333333333,-4.1971213333333335,0.010765488281250008,0.9618403505530896,0.9614308616459256,0.06633250229579457,3.9886421506115246,4.391539216980393,89.30675846077757,OR007
3163,5.053489333333333,-4.856925333333334,0.013755697916666657,1.2140374547067243,1.21352248349164,0.13056951688493434,3.4857313674712254,4.164314548827348,88.21962294049175,OR007
3164,4.530153333333333,-4.348613333333333,0.00940385677083333,1.1145914386467446,1.1140867606644538,0.09246734745936723,3.638589215084222,4.066248243208185,118.47126001747135,OR007
3165,4.013494666666666,-3.722196,0.012279544270833342,0.9932217989518786,0.9928126512224904,0.043240663385935636,3.085204504099281,4.042549882623563,80.85093626647381,OR007
3166,5.237533333333333,-5.2412893333333335,0.015329664062499991,1.20368504233903,1.2031948219934012,0.10136746682045394,3.8443047150293173,4.35302183619442,78.48800972336389,OR007
3167,3.825277333333333,-3.8294506666666654,0.012453161458333348,0.8969296430870599,0.8965780714244607,0.02093056619238384,3.2021690362159383,4.266530105131647,71.99602080357617,OR007
3168,4.783474666666667,-4.6678733333333335,0.01746605208333336,1.1010095211203004,1.1006103843139274,0.06879537075245386,2.775151052887112,4.346201648504777,63.01426212762547,OR007
3169,4.512208,-4.842736,0.014573247395833325,1.0991309772450408,1.0986908165438871,0.061174795054478925,3.6338407601976077,4.1068951629120685,75.39093976116926,OR007
3170,3.715518666666666,-3.485568,0.012861528645833323,0.9066766640435482,0.9063251053339972,0.09457737507067276,3.524667718720976,4.099542917656938,70.46791484055936,OR007
3171,5.018016,-5.004661333333333,0.013234031249999995,1.1117793535222078,1.1113151610458702,0.09215686311870028,3.86451548486794,4.5153851723551535,83.97404691377544,OR007
3172,4.243862666666667,-4.076512,0.015320290364583319,1.0255197235002982,1.0251333439521682,0.05037760180083093,3.5702863451612377,4.139815265695505,66.9134409046202,OR007
3173,4.218405333333333,-4.273910666666667,0.014124125000000003,1.0514085151192374,1.0509899171363115,0.012883230028829441,3.630755299086657,4.013744817673843,74.41097534440621,OR007
3174,4.982125333333333,-5.162830666666666,0.012178878906249987,1.2012697097370773,1.2007447743657436,0.052345357442779517,3.2969650223642497,4.149195932137192,98.59238962869914,OR007
3175,4.055228,-4.083189333333333,0.012726628906250016,0.9359017339361032,0.9355312072834026,0.0006857261162831452,3.185361270372636,4.334679557911894,73.509741988624,OR007
3176,4.802254666666666,-4.581485333333333,0.017910691406250016,0.9844475246076182,0.984129716445335,0.06506626692826957,4.130770582343157,4.8796968391650175,54.94649503602739,OR007
3177,4.771789333333333,-5.016346666666666,0.016231984374999987,1.2088118210694698,1.2083304670246873,0.05508383172293155,3.5992537451968243,3.9490764021560016,74.44132763494531,OR007
3178,4.3507,-4.359464,0.016005792968750016,1.1151726353292095,1.114742898205051,0.07651035913759692,2.9969676857166663,3.90287303646918,69.64621499112813,OR007
3179,4.888642666666667,-4.894485333333334,0.012421372395833338,1.025830568096347,1.02540478861981,0.06076399547841395,4.595297869711568,4.767524709189975,82.55165016739814,OR007
3180,0.3573581538461538,-0.3673716923076923,0.014854678485576915,0.11271695332749747,0.11363699091769383,-0.17533964643699984,0.06907136775460065,3.1447343946742214,7.649912519347298,OR014
3181,0.5252935384615384,-0.4453938461538462,0.014775225360576915,0.1438571391738782,0.14454402075293504,0.09383276601073867,0.8802759771470927,3.634142289146693,9.782864032558564,OR014
3182,0.5467809230769229,-0.4305821538461537,0.01376494831730768,0.1610111018066408,0.16152006605832578,-0.043823754300411695,-0.24015583696939655,3.385219783648908,11.734157102154514,OR014
3183,0.3402516923076923,-0.28392553846153845,0.015243591346153869,0.11275205634718632,0.11372325278055018,0.03443661153955955,-0.1975229959924172,2.9919271915680272,7.460397631903445,OR014
3184,0.39657784615384617,-0.3490135384615385,0.01121817007211538,0.14111594068878086,0.14149243469202885,0.16227646980161547,-0.4545247447549832,2.8028201438263034,12.612791015152435,OR014
3185,0.4391353846153846,-0.4297476923076923,0.012553390024038456,0.15233994600073164,0.1527821429823451,0.0188334824355936,-0.46355616883115,2.8742585752716487,12.170588398017024,OR014
3186,0.3955347692307692,-0.35464615384615383,0.013529441105769254,0.12870511041164653,0.1293517470294765,0.13329753767030206,0.0011316166307202558,3.0578231706498347,9.560760567878745,OR014
3187,0.5807852307692307,-0.5457378461538461,0.011172331730769224,0.16486150517601358,0.16515930062981712,-0.03760884346286468,0.7451302985217745,3.5165154402717205,14.782885489781801,OR014
3188,0.3577753846153846,-0.3241883076923077,0.011700796875000013,0.12302177803197525,0.12351715213402965,0.004550805851003437,0.0080118308868391,2.8965643915361583,10.556302570975918,OR014
3189,0.3170953846153846,-0.2947735384615384,0.010881818509615377,0.11723730040269788,0.11768422211105722,0.015987189969055116,-0.3969445110387251,2.6944596219206463,10.814756927536441,OR014
3190,0.3615304615384615,-0.363408,0.013852550480769228,0.1331930527220862,0.13384677003697687,0.024116552516088324,-0.4447730612205292,2.701077220156931,9.662247412329542,OR014
3191,0.3817661538461538,-0.3323243076923077,0.011886798677884627,0.11802295022804718,0.118562683072145,-0.0713634426021457,-0.0591719310545269,3.2199520452303725,9.97431573336316,OR014
3192,0.4931667692307693,-0.4710535384615384,0.010539355168269234,0.15243787599657305,0.1527275069004644,-0.049052575423277664,0.29992536481791543,3.2290631808203085,14.491162358801615,OR014
3193,0.4326683076923077,-0.401376,0.012867128004807708,0.13543829250763173,0.13598227993347953,0.006553797268970621,-0.21434044335758665,3.1817991866584565,10.568192053632384,OR014
3194,0.5190350769230769,-0.4337113846153846,0.011032575721153851,0.145526578521428,0.14587330515610078,0.15996637697397392,0.1905649852283542,3.558122415665096,13.222053384723516,OR014
3195,0.3713353846153846,-0.34338092307692303,0.01239102043269231,0.11294407617700468,0.11356691570957733,-0.25752946547859706,0.2605976106515944,3.2697496651665183,9.165259336506605,OR014
3196,0.4929581538461539,-0.496296,0.011575097956730751,0.1469749663339066,0.14735850253475916,0.014325991853512016,-0.020911159535018875,3.3452983395367633,12.730648421776193,OR014
3197,0.4793981538461538,-0.3892763076923077,0.008919122596153845,0.16715549671675298,0.1673117591105867,0.027081699660432727,-0.4925820145900817,2.865298628109515,18.758768848264946,OR014
3198,0.5294658461538462,-0.4153532307692308,0.01149442247596154,0.15694491502285274,0.15728882254900511,0.053668016298085576,-0.06716223281686773,3.3662013458641358,13.68392564984849,OR014
3199,0.3252313846153846,-0.2762067692307693,0.012169570312499977,0.1007431932051926,0.10142671294809864,-0.0755954980976479,0.03650117500651584,3.206565362931654,8.33445309436424,OR014
3200,0.6227169230769231,-0.5194523076923077,0.012593524038461527,0.16485183473331078,0.16525188372819666,0.07146929909078771,1.0540780055732937,3.7682894078300295,13.12197310486767,OR014
3201,0.38072307692307694,-0.3736301538461537,0.01127378725961537,0.1373244346897351,0.13771957967569842,0.07701545310538233,-0.3176646043826139,2.7644803870270467,12.21591081189136,OR014
3202,0.3980381538461538,-0.40387938461538464,0.012939246995192309,0.14697571059635053,0.14747266883114846,-0.047204525968150224,-0.4328234553589732,2.6990638807920058,11.397314610807204,OR014
3203,0.3909452307692307,-0.3573581538461538,0.01480721033653846,0.11527690143515995,0.11616815473202605,-0.04540786885279212,0.309815448975729,3.3653390782616284,7.845377494595863,OR014
3204,0.4090947692307692,-0.3415033846153846,0.010766509615384624,0.1197040247237892,0.12012900585632455,0.06566633756102709,-0.03238663425975874,3.4054620390353567,11.157655558554296,OR014
3205,0.5365587692307692,-0.46104,0.014375922475961544,0.16091052663608546,0.16147315374431667,0.036091768487754666,0.018228137563920388,3.322897687874349,11.232194248008867,OR014
3206,0.4182738461538461,-0.4078430769230769,0.013643120192307687,0.14193930342094188,0.14252447511979505,0.014773357427392391,-0.4718289518837393,2.934751001905304,10.446618743427454,OR014
3207,0.44998338461538456,-0.4589538461538462,0.01259087560096153,0.12287897711893585,0.12346265755962525,0.044641740450941714,0.978841157544884,3.644692196894181,9.805724516108851,OR014
3208,0.34296369230769225,-0.3156350769230769,0.01680718810096153,0.13147843714250648,0.13248463903437704,0.1055604584833267,-0.6490284848742252,2.5887053382747283,7.882617737038218,OR014
3209,0.4668812307692308,-0.5296744615384615,0.012821085937500004,0.1567313410436968,0.15717857529629836,-0.09946078642734084,-0.02785371769397882,2.970387216509057,12.259380840477133,OR014
3210,0.4218203076923077,-0.3978295384615384,0.014081945913461518,0.1428633203157293,0.14348622903173336,-0.08147902038139918,-0.09626388340664294,2.9397964566970263,10.18937509869065,OR014
3211,0.39991569230769225,-0.4539470769230769,0.014082557091346157,0.13847780414816788,0.13912474256430424,-0.04166903763369965,-0.08040111314640175,2.8745116428362767,9.879224466258156,OR014
3212,0.5159058461538462,-0.4282873846153846,0.014160584134615397,0.14430616076315533,0.1449291343311723,0.1915831538954437,0.5686429724070337,3.5597110859364443,10.234686150897868,OR014
3213,0.42244615384615386,-0.3819747692307692,0.012939450721153843,0.1461877935668631,0.14668820805270533,0.02449554831921978,-0.4111468976556196,2.8798917067305667,11.336509656696212,OR014
3214,0.4264098461538461,-0.4024190769230769,0.01401654987980767,0.14982367610508845,0.15040504168064064,-0.06102965569490575,-0.2878885312129942,2.8350768125130696,10.730532332875661,OR014
3215,0.4756430769230769,-0.4220289230769231,0.013582409855769223,0.14709643110439555,0.14765064059028896,-0.01886677014263928,-0.1003520466358574,3.221408827090183,10.87072486828052,OR014
3216,0.4280787692307692,-0.3657027692307692,0.01078525240384615,0.13775526176244865,0.1381097464428762,0.10297640994682616,-0.13334579328182405,3.099555102056665,12.805425526585227,OR014
3217,0.3198073846153846,-0.2862203076923077,0.011819161658653859,0.1298521686111189,0.13032579131946792,0.09163954894660928,-0.6183690665003891,2.4539070998728105,11.026652742671034,OR014
3218,0.4134756923076923,-0.4113895384615384,0.013120970552884607,0.1528785483797976,0.15336618385470902,-0.010592445685187015,-0.2047580404829432,2.6960030035004148,11.688631053363038,OR014
3219,0.4508178461538461,-0.3364966153846153,0.012430746995192312,0.12571055915694754,0.12626256529918453,0.3714097229219862,0.3757437878423566,3.5704790654745056,10.15727899119961,OR014
3220,0.4178566153846154,-0.4831532307692308,0.013290063100961518,0.14595941887356526,0.1464922281189005,-0.10804597260726843,-0.025497069765121342,2.8524149079462546,11.02268868146322,OR014
3221,0.3949089230769231,-0.4376750769230769,0.011255044471153849,0.1421909878739104,0.14256650605048002,-0.07236128165264112,-0.34042706102107045,2.7699979049573793,12.666898510785213,OR014
3222,0.4520695384615385,-0.38301784615384615,0.013028478966346178,0.14516299956980275,0.145675870664235,0.02761633224883309,0.10351401835436967,3.1032561288307203,11.181341355389977,OR014
3223,0.292896,-0.3431723076923077,0.01380487860576922,0.12594318377746205,0.1266363703129494,-0.1958256357961799,-0.3370585428880939,2.3128900431699235,9.173305606615516,OR014
3224,0.44455938461538463,-0.4551987692307692,0.008368858774038479,0.14523982851095565,0.1454099218765889,-0.09425410404079496,-0.1855260458368804,3.0572837044275936,17.37511957158047,OR014
3225,0.4174393846153846,-0.3926141538461537,0.013146232572115377,0.1307022595708917,0.13129821549367246,-0.030127123209918324,-0.030927636709102924,3.179322605763076,9.987516558330986,OR014
3226,0.40659138461538463,-0.3298209230769231,0.011300475360576908,0.11652860974744947,0.11701861805722763,-0.05259290431731955,0.19714944972031606,3.4745871329341997,10.355194301423936,OR014
3227,0.3880246153846154,-0.3571495384615384,0.010483941706730764,0.11952795794771873,0.1199287024949262,-0.06320746060139669,0.018182154835916897,3.235460797226848,11.439275975555178,OR014
3228,0.4793981538461538,-0.4174393846153846,0.011510924278846152,0.13771529191603696,0.13812849817322087,0.17122613636300102,0.6971659063710418,3.4706679663233704,11.999774720702685,OR014
3229,0.5730664615384615,-0.470219076923077,0.009174798677884614,0.15170739093096378,0.15191061081624266,0.15257848539262367,0.7264915100331097,3.77239258310709,16.557378112548175,OR014
3230,0.3556892307692308,-0.2805876923076923,0.01096371634615387,0.11609785825947795,0.11655793822470036,-0.0020722366177095435,-0.4544066595343983,3.051608806630856,10.631243507644148,OR014
3231,0.3500566153846153,-0.3452584615384615,0.008069992788461537,0.11795373290649605,0.11817199708459512,0.03430187310015086,-0.13654181940388455,2.9622636836205984,14.643383232455578,OR014
3232,0.4821101538461538,-0.4218203076923077,0.010043078725961524,0.13488618893582133,0.13519385910791493,0.11517135897683753,-0.046011868693927926,3.5660654783241457,13.46139593214943,OR014
3233,0.5269624615384615,-0.5453206153846154,0.008840688100961537,0.12625347021338362,0.12650110734927805,0.012497459957707176,1.3161401979165896,4.1656746931351565,14.308966214464624,OR014
3234,0.4024190769230769,-0.4193169230769231,0.008813185096153838,0.12618387041623425,0.12642979156881454,-0.011910720734096152,-0.13016391992078802,3.1829450316228978,14.345527773380113,OR014
3235,0.4099292307692308,-0.4869083076923077,0.011561855769230769,0.14691371229781386,0.1472964276472038,-0.031447778087092565,0.31849015000323755,2.78302221796628,12.739860329273396,OR014
3236,0.5640959999999999,-0.5142369230769229,0.00919374519230768,0.15809989281141673,0.15828989644115185,0.12265203075113905,0.6094687663708069,3.563689235274195,17.217128942576256,OR014
3237,0.44685415384615385,-0.3730043076923077,0.009147703125000016,0.1317580941572943,0.13201106973518814,0.026089954372912186,-0.10397731203713123,3.3849748717477657,14.431061866711802,OR014
3238,0.3419206153846154,-0.31667815384615383,0.011618287860576915,0.1173358455412526,0.11785262085132855,-0.08548152413395665,-0.528799947713662,2.9012559323220253,10.143716721912627,OR014
3239,0.32543999999999995,-0.3458843076923077,0.00865937199519231,0.11248154089230186,0.11275959471965395,0.12554860738749807,-0.21882168507707744,2.8861402065972115,13.021682725058836,OR014
3240,0.4504006153846154,-0.3919883076923077,0.007797814903846144,0.14627231640992774,0.1464086825765679,0.137218305712571,-0.3749044194405866,3.0763244874433435,18.77560372769995,OR014
3241,0.4309993846153846,-0.4182738461538461,0.008814407451923058,0.1370809115801221,0.1372971934900386,-0.0681563873186424,0.1087663362380784,3.139171119667899,15.57645187596634,OR014
3242,0.3195987692307692,-0.33941723076923075,0.008589697716346158,0.12057088081757325,0.12081772878814392,-0.037734832380414994,-0.3514591924057666,2.6452969480264894,14.065422646739744,OR014
3243,0.3859384615384616,-0.3127144615384615,0.008333410456730769,0.1229179101664958,0.12314017894130096,0.10198427080887712,-0.3206024862389336,3.1341391969426367,14.776684717580727,OR014
3244,0.3156350769230769,-0.3097938461538461,0.008300610576923077,0.11013021685152508,0.11038895053685392,-0.04723849453395565,-0.2735321181920787,2.8592995529720215,13.298895245580065,OR014
3245,0.4581193846153846,-0.3667458461538461,0.009103902043269227,0.1345029712291534,0.13474517899198368,0.08381468745281663,0.3530683765022964,3.399894438098147,14.800815996433599,OR014
3246,0.3888590769230769,-0.34358953846153845,0.009156870793269212,0.1307585978392517,0.13101512168694907,0.11173708312459964,-0.31000258601802155,2.9680472903900887,14.307848679403904,OR014
3247,0.3068732307692308,-0.3150092307692308,0.0070517704326923105,0.11739776553017515,0.11755213142900887,-0.11224463415913737,-0.24563827225203605,2.6105288525079207,16.669874969841914,OR014
3248,0.404088,-0.4120153846153846,0.009684113581730776,0.1559205608166807,0.15614500284740326,0.0088117410780197,-0.32936046249873385,2.5879022231336184,16.123830181212778,OR014
3249,0.3636166153846153,-0.3896935384615384,0.0067129741586538505,0.13204688178134968,0.13215299957389098,0.003736610025070881,-0.1394562236378456,2.75148211964198,19.686207104421737,OR014
3250,0.31041969230769234,-0.28768061538461537,0.00952500360576923,0.11349304132349765,0.11383680135541133,0.02758074653862499,-0.27979848273239183,2.7268834736363248,11.951365696750093,OR014
3251,0.4009587692307692,-0.3367052307692308,0.010255972355769246,0.13026601016421238,0.1306056922805006,0.13661508002592407,-0.03926089736266425,3.0699945938775315,12.734598705020064,OR014
3252,0.3940744615384616,-0.4124326153846154,0.007576772235576919,0.13654574282821724,0.13668920808983398,0.06265659756444372,0.09601653954140144,2.8829961563569126,18.040559203826465,OR014
3253,0.4249495384615384,-0.3794713846153845,0.011812031249999994,0.13215500714373904,0.13261754930690495,0.006863613915988208,-0.2879223424251114,3.2043235656399864,11.227328009897118,OR014
3254,0.36904061538461536,-0.3565236923076923,0.009637664062500016,0.1498716590971681,0.15010817331730444,-0.053828178619022525,-0.5287518788372547,2.458497810139379,15.575161402582266,OR014
3255,0.3456756923076923,-0.36632861538461536,0.010958826923076922,0.12083523973932367,0.1212723880765982,-0.2053814255431726,-0.2497864891808428,2.850407234409833,11.066183354098305,OR014
3256,0.3707095384615384,-0.3421292307692308,0.010801346754807676,0.13647590096344614,0.1368362214588483,-0.10489203948643533,-0.2312742161799757,2.7091477279137273,12.668440756977134,OR014
3257,0.3669544615384615,-0.3759249230769231,0.012730224158653844,0.11909666381362685,0.11971726008054748,-0.10291267702519087,0.34341434228857803,3.0651759094016118,9.4041753380411,OR014
3258,0.41973415384615387,-0.3917796923076923,0.011468549278846149,0.15480887540594915,0.1551576986077891,-0.009018608922229998,-0.5438756874655684,2.70520997418998,13.528973441652207,OR014
3259,0.5839144615384615,-0.4862824615384616,0.012387760817307691,0.14684035522564215,0.14729049464381386,0.015566413524456285,0.5260411104668292,3.964373009612849,11.89000149551042,OR014
3260,0.4143101538461538,-0.2979027692307692,0.014211515625000002,0.12215231236052262,0.12291697653008453,0.22255045874005605,-0.013912171641235371,3.370650381599236,8.649111028936051,OR014
3261,0.3821833846153846,-0.4015846153846154,0.01373805649038462,0.1478524292837289,0.1484174081842371,-0.07016379909085305,-0.3990491715502391,2.575057665344509,10.803377340027367,OR014
3262,0.3342018461538461,-0.35986153846153845,0.0124890126201923,0.13531788653328486,0.13582718462840207,0.17852120528265142,-0.6251948823155065,2.46049306748248,10.875734436267278,OR014
3263,0.5417741538461538,-0.431208,0.012329291466346143,0.16583475346060628,0.16621167310544768,0.05207919714627269,-0.07702947514835135,3.2595433504988702,13.481040135934546,OR014
3264,0.4506092307692308,-0.4362147692307693,0.014127173076923084,0.14596568470153204,0.14657677683505765,0.06834332547437491,-0.18773737023795967,3.07421980820536,10.37552071011947,OR014
3265,0.3221021538461539,-0.3646596923076923,0.011412932091346157,0.12600982100186378,0.1264643178316005,-0.10736496673021168,-0.33349006263792136,2.5469805188453565,11.080791230457942,OR014
3266,0.4028363076923077,-0.3775938461538461,0.013142361778846156,0.14039341515818055,0.1409389383467112,-0.010211014267108366,-0.3705710657279182,2.858232880265682,10.724019070420463,OR014
3267,0.314592,-0.3049956923076923,0.013010754807692308,0.12080610614377454,0.12144604957174243,-0.12553920299992133,-0.5513800610219288,2.590384793160024,9.334281628298786,OR014
3268,0.4401784615384615,-0.3809316923076923,0.014153250000000006,0.11411015148044105,0.11492921827123488,0.055974740748653135,0.46963039268830503,3.8299961329209866,8.120341142227744,OR014
3269,0.5436516923076923,-0.4833618461538461,0.01532528545673076,0.1627969432111652,0.16343753366021438,0.009042672743833179,0.2487029823859221,3.3263576617470303,10.664567007359317,OR014
3270,0.3379569230769231,-0.35631507692307696,0.013338549879807695,0.12648888440907466,0.12712879430284313,-0.07202788856766408,-0.35100272597321824,2.6583821936661356,9.53093068199974,OR014
3271,0.3657027692307692,-0.3665372307692307,0.01572193990384613,0.13471671368073704,0.13556566344019433,0.035656484194168864,-0.4105222365152375,2.6976061633195294,8.622705866407127,OR014
3272,0.36549415384615386,-0.25159015384615385,0.01424085216346153,0.11266398346286302,0.11350585607420575,0.07800246343924959,-0.18498751270616864,3.2200466697260786,7.970439884590152,OR014
3273,0.5903815384615384,-0.4712621538461538,0.013726240384615384,0.15725220757957184,0.1577736282636451,0.04092380912029099,0.8081024428649006,3.741953233622737,11.494307533800779,OR014
3274,0.4326683076923077,-0.3911538461538461,0.014942484375,0.13091379711725146,0.13170027856633576,0.005054238631740612,0.18287541051377065,3.285249753472451,8.813814039295975,OR014
3275,0.3727956923076923,-0.35631507692307696,0.014389979567307696,0.1213897240910804,0.12218079441632748,-0.08523903843599469,0.06941852882626476,3.0511807857248163,8.490685747317361,OR014
3276,0.3485963076923077,-0.3786369230769231,0.013244835937499996,0.1382945519041893,0.13886011534444126,-0.12251414738739315,-0.4899759288875352,2.510413496543754,10.484094782275687,OR014
3277,0.3488049230769231,-0.2780843076923077,0.0148927752403846,0.12426087528430042,0.1250898917122693,-0.009186794499280115,-0.6252728961748022,2.788434127669094,8.399367457924447,OR014
3278,0.4380923076923077,-0.3481790769230769,0.012577225961538454,0.1359373538145804,0.13645184099732194,0.09916036674784606,-0.05550861274550512,3.2106001977716514,10.849120578305257,OR014
3279,0.4024190769230769,-0.4664640000000001,0.01547991346153846,0.151943998154073,0.15265667498772184,-0.15962838910554966,0.02592486827827667,2.6361053452490264,9.861597441549922,OR014
3280,0.3548547692307692,-0.2757895384615385,0.012804787860576948,0.10781051573952116,0.10851598594423477,0.16050790136828527,0.09448433055319327,3.2700690699444537,8.474641448635866,OR014
3281,0.3915710769230769,-0.33357600000000004,0.013983546274038456,0.13796030201594553,0.1386001354284596,-0.08334382385812171,-0.3841155990622074,2.825185384650593,9.911658510100656,OR014
3282,0.4074258461538461,-0.41618769230769226,0.012506125600961544,0.14756543766229432,0.14802262116402626,-0.15726204061824148,-0.17174627068767997,2.7524566377079007,11.836009479438255,OR014
3283,0.2741206153846153,-0.3177212307692308,0.01260717367788462,0.1129547213776233,0.11360127716803925,-0.05282972377849855,-0.4313393643947352,2.41300645748142,9.010844148781539,OR014
3284,0.3892763076923077,-0.3782196923076923,0.013873534254807704,0.12774363287595664,0.1284327634237612,-0.11012727918484136,0.07119447505289099,3.0309735406681138,9.257393326380004,OR014
3285,0.4105550769230769,-0.4293304615384616,0.01184747956730768,0.14932809618991466,0.14972463669516045,-0.18288676394976025,-0.4633821543830412,2.7420676114844578,12.637678406157837,OR014
3286,0.3786369230769231,-0.4063827692307693,0.01533058233173076,0.12285031824834873,0.12374364214419505,-0.11524624046129685,0.3267171872048551,3.0598495123952145,8.071685697683794,OR014
3287,0.3581926153846154,-0.4226547692307692,0.014834102163461538,0.13587871732902465,0.13662007945877405,-0.21598584933058665,0.14481343032834548,2.6218153056535307,9.209865076653466,OR014
3288,0.43392,-0.4047138461538461,0.011848701923076929,0.1333318903936671,0.13379246614762413,-0.029229138979954095,0.6142354289822269,3.24323194342812,11.291740396223949,OR014
3289,0.5592978461538461,-0.5394793846153846,0.016857712139423085,0.1576529565636645,0.15847512499887598,-0.10102440217074657,0.6441369663953398,3.5292469159296336,9.400749264680432,OR014
3290,0.4151446153846154,-0.3684147692307692,0.012925393629807696,0.14551976804501332,0.14602187850468112,-0.11121222545793848,-0.28672067069054563,2.8430302337968265,11.297286774147832,OR014
3291,0.3479704615384615,-0.2912270769230769,0.015772871394230774,0.12608561692671186,0.127007248945127,0.147172886931382,-0.4606075669548874,2.7397685126523834,8.052259209542676,OR014
3292,0.36403384615384615,-0.409512,0.015092630408653862,0.14091412722785324,0.1416516408211796,-0.035984177019774626,-0.14415223237612285,2.5699232571079142,9.385483973685524,OR014
3293,0.4787723076923077,-0.4378836923076923,0.016646652043269206,0.13758268760791767,0.138519390722311,-0.062222286585179226,0.43076807993190736,3.4563558588854875,8.32115613171112,OR014
3294,0.5008855384615384,-0.4476886153846154,0.015478487379807691,0.13366284844136705,0.13449123985098138,-0.007257028643843691,0.4948259275009113,3.724298616151715,8.688913622556594,OR014
3295,0.3727956923076923,-0.3538116923076923,0.01573762680288461,0.1384454446127612,0.139269867954803,-0.11019983725010604,-0.437349790380722,2.6767864275470914,8.849483451296207,OR014
3296,0.32085046153846153,-0.21070153846153844,0.01394809795673076,0.10690955901871356,0.10776382266274688,0.2768341348029143,-0.4762730475034025,2.9773485536290014,7.726058635166424,OR014
3297,0.46375200000000005,-0.4873255384615384,0.015083870192307712,0.1640384401878425,0.1646507062235782,-0.03390846363628523,-0.13914419670056732,2.8165806915536336,10.915680400613944,OR014
3298,0.6193790769230769,-0.4948356923076923,0.013639656850961522,0.16302427239814438,0.16351452416520362,0.08570007816856531,0.4232627885120519,3.787914743874983,11.9881699335916,OR014
3299,0.30332676923076923,-0.31396615384615384,0.016067866586538467,0.11865337033484452,0.11967894540761423,-0.0618075005055811,-0.4924111046250559,2.534504028237125,7.448340746610397,OR014
3300,0.3458843076923077,-0.3873987692307692,0.014456597956730769,0.13353369394480974,0.13424912407711095,-0.10208369998368097,-0.3877962723369941,2.5764362342776717,9.286356615776716,OR014
3301,0.4239064615384615,-0.3114627692307692,0.013156418870192284,0.1274004529136131,0.12801607827074446,0.07939576270758851,-0.40296017538617207,3.311353286748333,9.730313357594817,OR014
3302,0.4105550769230769,-0.4376750769230769,0.015576887019230762,0.12970104183210246,0.1305701787367955,-0.0061363666048796246,0.0424555460748568,3.1443249974458367,8.38230248287719,OR014
3303,0.3354535384615385,-0.3158436923076923,0.012415671274038469,0.12222029570785745,0.12278990952078138,-0.000224212285755579,-0.23565017946326394,2.731930822090599,9.889913063141313,OR014
3304,0.26619323076923074,-0.2745378461538461,0.01199151382211538,0.1015559050194609,0.10221216351915584,-0.09094243022787947,-0.5369150566434269,2.6043204801094224,8.523708101862066,OR014
3305,0.4343372307692308,-0.3510996923076923,0.01264893749999998,0.14293659126065206,0.1434256348093584,0.00205325159215145,-0.5301851066515897,3.0283096278189916,11.338947228520865,OR014
3306,0.4579107692307692,-0.3544375384615384,0.013848883413461513,0.1532824421705818,0.15383222620259612,0.03324869570006081,-0.4680778234031076,2.9766894787552736,11.107915462200134,OR014
3307,0.3869815384615384,-0.3550633846153846,0.010879984975961541,0.1315529638322341,0.13193807561684648,0.030900603187024145,-0.2663681460440883,2.93305428817492,12.12667810740117,OR014
3308,0.31396615384615384,-0.3402516923076923,0.013106098557692307,0.11264326822829765,0.11334850937500456,-0.0576997363319833,-0.3759829772868568,2.76991868333638,8.648531740857187,OR014
3309,0.39324,-0.3631993846153847,0.011216743990384609,0.13787751468093598,0.13826590231527686,0.023661882252323352,-0.21135252722457046,2.844085153426518,12.32674138179522,OR014
3310,0.3212676923076923,-0.33357600000000004,0.012846144230769256,0.12209883768751945,0.12271345023787444,-0.02522181577068149,-0.17625004841007194,2.6180316149935434,9.552551180606363,OR014
3311,0.4677156923076923,-0.4746,0.010784437500000008,0.16058117570542071,0.16086465160460134,0.06435275879169187,-0.11120447674010504,2.907510678339192,14.916369222279904,OR014
3312,0.32189353846153845,-0.368832,0.011815290865384622,0.11740075122087693,0.11793675248472905,-0.10296530764888367,-0.013823123807526816,2.7293742762945645,9.981705387401805,OR014
3313,0.3846867692307692,-0.36278215384615387,0.009624218149038466,0.14257848514141808,0.14283346186349896,0.0909031884175427,-0.4118555793642158,2.6932538371043697,14.841045750585891,OR014
3314,0.4170221538461538,-0.3863556923076923,0.010742877403846164,0.1454452117191385,0.14577057495070306,0.20101928443026204,-0.2360145318229665,2.8608116143273987,13.569043885627352,OR014
3315,0.4076344615384615,-0.3730043076923077,0.008859838341346155,0.13114391889528598,0.13137895024074378,0.121780967644374,0.22317852521080092,3.1027380017232336,14.828594515956167,OR014
3316,0.3873987692307692,-0.38760738461538463,0.010458883413461536,0.13203433402123596,0.13238364372080338,0.078213483927947,-0.4062316943243478,2.9263340873725436,12.657531257152515,OR014
3317,0.3421292307692308,-0.29498215384615384,0.010502073317307693,0.12665511879837407,0.12702813513461833,0.05766325685924524,-0.5083555067111694,2.6933342791079995,12.095529263281055,OR014
3318,0.3844781538461538,-0.3692492307692308,0.009796162860576909,0.13221682118030248,0.13251483328176838,0.008304608698632162,-0.5925399882514264,2.9013971064554847,13.527218275948956,OR014
3319,0.33941723076923075,-0.3068732307692308,0.012222131610576923,0.10883362980595937,0.1094649365340732,0.0370636128049935,0.03310191398373652,3.1006936240590632,8.95628847911793,OR014
3320,0.4754344615384615,-0.4088861538461537,0.008834983774038454,0.11851388239840413,0.11878501972664915,0.09974956871680987,0.8737479451439105,4.0024782807844135,13.444848656734175,OR014
3321,0.385104,-0.3571495384615384,0.010926841947115386,0.15561481451912584,0.15592215353845607,-0.024125159199166062,-0.7035884649170145,2.4698478776783914,14.26964481531816,OR014
3322,0.44414215384615385,-0.4389267692307692,0.010386968149038457,0.14480872058184155,0.14511022215031988,0.013498724334648654,0.16488603922197465,3.06072272004426,13.9704117763905,OR014
3323,0.3483876923076923,-0.35235138461538457,0.009130997596153838,0.12098276520677335,0.12126792987180085,0.07712525302032444,-0.031844008610903966,2.8728757279520853,13.280906997816029,OR014
3324,0.3936572307692308,-0.3734215384615384,0.01081031069711538,0.1262339958050279,0.1266346041556023,0.17815883139271468,0.4037698635119607,3.108607109361075,11.714242791318982,OR014
3325,0.3757163076923077,-0.3990812307692307,0.00815148317307692,0.13699381839880662,0.13716933152081626,-0.11767163881864436,0.12041218018698265,2.7390693205739693,16.827530476154966,OR014
3326,0.4387181538461538,-0.43996984615384616,0.0117352265625,0.14535866194746622,0.14576083911414858,0.04838112826115608,-0.11750251993049997,3.009849260696035,12.42079463381886,OR014
3327,0.457284923076923,-0.3709181538461537,0.007267312499999991,0.14018129631254955,0.14030117403832032,0.1722861844507516,-0.10101859301113823,3.2593093123513364,19.305785190649296,OR014
3328,0.3367052307692308,-0.3031181538461538,0.0104236388221154,0.0937210070090078,0.09425339060311336,0.18489437124622096,0.14715220584366762,3.5723407785619634,9.04227326095949,OR014
3329,0.3442153846153846,-0.35610646153846154,0.010683389423076922,0.13142872138703526,0.13179823577746885,-0.09062858997915722,-0.19471686381999295,2.6116843111357406,12.336743570610164,OR014
3330,0.3984553846153846,-0.34233784615384616,0.010596805889423074,0.1446370675188163,0.14495428253045242,0.01762235281711765,-0.5430571227207035,2.7488348578571724,13.679054239837944,OR014
3331,0.3588184615384616,-0.32314523076923074,0.011570004807692309,0.12761697542989267,0.12807830824147018,-0.01563957891279264,-0.4720319976028469,2.8015552864890245,11.06985782376835,OR014
3332,0.5000510769230769,-0.4543643076923077,0.00944269831730769,0.1354609001733355,0.13572361784839254,0.008364107124808713,0.4902225736837256,3.684333536419942,14.373393418661095,OR014
3333,0.32189353846153845,-0.3004061538461538,0.009730359375000013,0.12265222840012685,0.12297787622008903,-0.003820540800865155,-0.5249953919319168,2.6174914411878225,12.638574946784928,OR014
3334,0.4447680000000001,-0.4009587692307692,0.012234355168269234,0.14386617273714736,0.14431542788574542,-0.057822412822162925,-0.07374510285709235,3.0819158181211437,11.795916164019733,OR014
3335,0.3584012307692308,-0.35610646153846154,0.008201396033653843,0.12656514043982334,0.1267689014536878,0.010536891681420985,-0.1266048595687317,2.8272015191372835,15.456990606660217,OR014
3336,0.3456756923076923,-0.3809316923076923,0.01237838942307692,0.1151455304111569,0.11575305590409313,-0.18081593557510856,-0.011420289809566329,2.9863202280732963,9.351221063403914,OR014
3337,0.4159790769230769,-0.4433076923076921,0.011358537259615378,0.1479121468637285,0.14827560258189856,0.05001413979946078,-0.21540726286947232,2.8054451958360107,13.054110682815109,OR014
3338,0.39991569230769225,-0.4115981538461538,0.011976030649038466,0.15387128061565514,0.15426170896355124,0.033059846108012124,-0.5796658570665949,2.5924495131982743,12.880871257283951,OR014
3339,0.3746732307692308,-0.33023815384615385,0.013488084735576923,0.11705654212394205,0.1177742815554608,-0.1505803101078317,-0.15869764883990856,3.1812822444838638,8.731727585074609,OR014
3340,0.4099292307692308,-0.3692492307692308,0.011635197115384629,0.12676766126838734,0.1272388476723527,-0.10485835343050556,-0.3002116631724876,3.2217301419203515,10.935684751237366,OR014
3341,0.4533212307692308,-0.3377483076923077,0.01732974519230768,0.13022936465095314,0.1313142996443178,0.06718011160281093,-0.16688210272081386,3.452184811533181,7.5773935615975185,OR014
3342,0.4975476923076923,-0.4408043076923077,0.014591057091346159,0.14385047044166518,0.14451867985379793,-0.1069568324464222,0.10345477651948398,3.4427915672287868,9.904606564764306,OR014
3343,0.2908098461538461,-0.3141747692307692,0.013438579326923095,0.10656360534915997,0.10735598608816163,-0.07437893180172261,-0.2787421292986481,2.7088368031478987,7.988641021977871,OR014
3344,0.6204221538461538,-0.3719612307692308,0.015775519831730755,0.12203428372782645,0.12299060982187875,0.34631449042736595,1.6421323451384369,5.044467660943226,7.796295217764957,OR014
3345,0.5186178461538461,-0.5113163076923077,0.012313808293269227,0.1534725178815215,0.15389100639199846,-0.007557694070003749,0.18580103462533648,3.3700334952180264,12.497433996606542,OR014
3346,0.412224,-0.4130584615384616,0.012589449519230774,0.15548000315323468,0.15591317509180255,-0.06262536206957775,-0.5754900141081252,2.643933072091439,12.384431491912364,OR014
3347,0.32314523076923074,-0.3556892307692308,0.013314306490384618,0.1241106248607906,0.12476247645725184,-0.13261456473119107,-0.2082224832825652,2.5900834926112744,9.370557643941378,OR014
3348,0.4464369230769231,-0.3949089230769231,0.012819659855769234,0.13585265083085013,0.13639011340638524,0.06414721830725334,0.059526207293093776,3.273235221578918,10.639136680760338,OR014
3349,0.5428172307692307,-0.5198695384615385,0.013687736177884607,0.13667993010651647,0.1372971735240512,-0.10269576701098147,0.8102895291337595,3.953593630783245,10.03067064850968,OR014
3350,0.4810670769230769,-0.4270356923076923,0.012854700721153842,0.13661449833963732,0.1371515161868133,0.04343989780312277,0.5071345047033309,3.5075593059271633,10.669366729099744,OR014
3351,0.40200184615384615,-0.3337846153846153,0.013719924879807695,0.12305454885256527,0.123757306089532,0.06157784948661992,-0.01292337406568933,3.2483079896957245,9.020261202134703,OR014
3352,0.4145187692307692,-0.32085046153846153,0.012024109975961542,0.1311073571198874,0.13159381460780048,0.1075818604150961,-0.3039175085082721,3.149986725942952,10.944162592564542,OR014
3353,0.3947003076923077,-0.4906633846153846,0.011125271033653857,0.141097819078999,0.14146704286708636,-0.034488413078210683,-0.1199788852173187,2.7900513058942185,12.715828894338815,OR014
3354,0.6049846153846153,-0.601020923076923,0.012495124399038464,0.16631003296408886,0.16669776372119122,0.003462632976325587,0.3936236485755527,3.629230542027407,13.341024738738826,OR014
3355,0.4182738461538461,-0.4428904615384616,0.010103177884615405,0.12674482359424213,0.1270851555724052,-0.1546137639572635,0.4694127393445422,3.2912879893005265,12.578730872978479,OR014
3356,0.3746732307692308,-0.3719612307692308,0.013480139423076926,0.13632575076947445,0.13692434170209386,-0.05514509455884376,-0.4073734451658115,2.7363522519933454,10.157487055934322,OR014
3357,0.3577753846153846,-0.328152,0.013288229567307706,0.12737604575113004,0.12800542834034587,-0.047979540605246916,-0.4054019261502391,2.7950016593368003,9.632993446716975,OR014
3358,0.5140283076923077,-0.4687587692307692,0.013699144831730771,0.14443949001003126,0.14501744394481933,-0.06834751984758282,0.6589820373784141,3.5445963858520417,10.585875667868066,OR014
3359,0.4115981538461538,-0.4378836923076923,0.013224259615384624,0.14861827401474706,0.1491331710095432,-0.053457407520654567,-0.14148403999874226,2.759936981557343,11.277241626143446,OR014
3360,0.42036,-0.4268270769230769,0.011813457331730769,0.12420679258352195,0.12470693384361167,-0.20475719676209536,0.5874191155862665,3.3707828991060844,10.55634522068749,OR014
3361,0.40033292307692303,-0.3832264615384615,0.013849290865384634,0.1267510302710941,0.12744385921387286,-0.0062226969803159645,-0.00941690173982801,3.1412492178622364,9.202193848958009,OR014
3362,0.4362147692307693,-0.3967864615384615,0.010853296875000005,0.13859290629716395,0.1389497388361246,0.07662494728807469,-0.11653230967113748,3.1393709184673964,12.802537370574278,OR014
3363,0.4309993846153846,-0.341712,0.011144625000000005,0.11770778284165732,0.11817696228611176,-0.08009475275677784,0.2482914970391219,3.6470677218112586,10.603942464292134,OR014
3364,0.39866399999999996,-0.355272,0.011171720552884623,0.1337354440748834,0.13413616349316307,0.13283511078677918,-0.17836886308836286,2.9720844075007404,12.006759644424518,OR014
3365,0.46375200000000005,-0.40617415384615385,0.012287527644230769,0.13835679242320195,0.1388340426479388,0.04684862070582144,0.2720444591052966,3.3403334740889288,11.298777644103534,OR014
3366,0.4439335384615384,-0.40617415384615385,0.01248045612980768,0.13693574359179586,0.13743670450887824,0.035939196560910304,-0.04734355993154082,3.230094464560308,11.012153969327409,OR014
3367,0.2726603076923077,-0.28768061538461537,0.013033775841346152,0.11663718813429395,0.11730655388394795,-0.11522949607025525,-0.7897810477964016,2.3243399338288646,9.000197280654808,OR014
3368,0.306456,-0.360696,0.013754558293269216,0.11279118691671962,0.11357207419291895,-0.15649055007160198,-0.03753607291416339,2.6983393776839826,8.257049900940501,OR014
3369,0.5073526153846153,-0.4779378461538461,0.014890126802884629,0.16043251903670247,0.16104401167314705,-0.01418510297127724,0.08530460519149362,3.150397274096301,10.81548960630398,OR014
3370,0.4282873846153846,-0.37968,0.01297204687499998,0.15381507648386986,0.15428625079943786,-0.007366222741179748,-0.4259001090059447,2.775927099117409,11.893747554734926,OR014
3371,0.3047870769230769,-0.3331587692307693,0.014399962139423069,0.10396921399636147,0.10491139176047304,-0.17956635275198324,-0.05074228745718523,2.9051857172855664,7.285532471870532,OR014
3372,0.3963692307692308,-0.41326707692307696,0.01032910997596154,0.14200643995810322,0.14231242500251778,-0.14903643398409722,-0.020950217105557112,2.7852046703737794,13.777801314316036,OR014
3373,0.39928984615384616,-0.3732129230769231,0.011506646033653829,0.13387638169458665,0.13430482366852484,-0.13708600596331666,-0.0013863532528719524,2.9730119533109685,11.671934921411465,OR014
3374,0.4184824615384615,-0.4036707692307692,0.012353331129807688,0.14201215510043422,0.14247933958555895,-0.03284969380377733,-0.1601110871407001,2.93714487135984,11.533677684860786,OR014
3375,0.3440067692307692,-0.4042966153846154,0.012396928485576927,0.14737163216793786,0.14782040600236154,-0.10475135943163688,-0.4926637309063726,2.3271940494147567,11.923954080588718,OR014
3376,0.5382276923076923,-0.4063827692307693,0.012580893028846138,0.13799773775671514,0.1385029149471759,0.1903278043655384,0.2926544153903285,3.8860387343686513,11.00898915757483,OR014
3377,0.5161144615384615,-0.5430258461538462,0.014025106370192294,0.14033251129080626,0.14096341965152148,-0.026852638249977828,0.8552101838603954,3.6613361311350032,10.050791482844833,OR014
3378,0.34066892307692304,-0.3790541538461539,0.013645768629807693,0.12349095949307735,0.1241826537130602,0.0005416140876855125,-0.2323163373941521,2.7432891220385893,9.100451362028576,OR014
3379,0.4207772307692307,-0.3723784615384616,0.01372196213942308,0.13986721505471902,0.14047072918684386,-0.014058159490205635,0.02569832024708729,2.9954797928723185,10.236927325668146,OR014
3380,0.3698750769230769,-0.470219076923077,0.011529870793269231,0.14616991229087542,0.14655277647877055,-0.12532348226449547,-0.2401710001023254,2.523835343212734,12.710704144605273,OR014
3381,0.3450498461538461,-0.2720344615384615,0.012895445913461544,0.10245207028282816,0.10321079795176588,0.014753496700646634,-0.16837497755282935,3.343156462321901,8.003662583239889,OR014
3382,0.3800972307692307,-0.4120153846153846,0.010018631610576926,0.13005506074138554,0.13037704519706267,0.019397620352218453,0.2299348893186459,2.915369267609342,13.013458350880999,OR014
3383,0.40033292307692303,-0.4430990769230769,0.012681941105769244,0.11461256572426788,0.1152564257984371,0.012025795254775044,0.6283323956116083,3.4734108775595187,9.088232222274307,OR014
3384,0.4078430769230769,-0.301032,0.015981283052884588,0.1249289283159692,0.12588644524206344,0.15276770538988346,-0.008778001507280921,3.2397695886864315,7.87711755216933,OR014
3385,0.4157704615384615,-0.4082603076923077,0.009500963942307676,0.15348315376257474,0.15370212049701001,0.037285776145542716,-0.4689461159791573,2.7050405042821097,16.177529083399243,OR014
3386,0.382392,-0.25388492307692306,0.01634371153846152,0.10355223207375032,0.10478411106351627,0.11550524304949104,-0.01726194780443535,3.649331908424627,6.411280009251798,OR014
3387,0.39052800000000004,-0.4526953846153846,0.010706003004807702,0.11636398187828373,0.11679885085002535,-0.03477078054271919,0.5937545074589989,3.3435945401676457,10.909659823332289,OR014
3388,0.4391353846153846,-0.4370492307692308,0.014295246995192294,0.1333258569463934,0.13402529258671209,-0.09374413102722856,-0.02156738653485135,3.276511292309036,9.375514297289635,OR014
3389,0.4107636923076923,-0.4299563076923077,0.014339659254807709,0.1434804979442742,0.14412555278047345,-0.116349843367901,-0.13225925320169374,2.8500407067534512,10.050835254830195,OR014
3390,0.3705009230769231,-0.3079163076923077,0.012179960336538464,0.12209433262228847,0.12264102025687185,-0.007989615397645072,-0.2056529998168264,3.021019576491685,10.06908207155347,OR014
3391,0.3235624615384615,-0.3191815384615385,0.01576533353365384,0.1287983443131389,0.12969718204625447,-0.0973394617104976,-0.5889806517370175,2.494753212317813,8.226732518496569,OR014
3392,0.3636166153846153,-0.4622916923076923,0.01201086778846155,0.13732248238381325,0.13777993185051654,-0.1775529268326608,-0.19521750623729872,2.639111592674605,11.47127204104913,OR014
3393,0.4376750769230769,-0.4063827692307693,0.014850196514423078,0.12985868424730368,0.13064202297177824,-0.004300013587386313,-0.13015250782692878,3.3501860042202884,8.79732620675381,OR014
3394,0.4698018461538461,-0.3481790769230769,0.013224055889423058,0.12579223792386607,0.1264243250193812,0.19677589038454452,0.4117658624696983,3.7160716189849086,9.560177760629296,OR014
3395,0.3984553846153846,-0.3750904615384615,0.01392222475961539,0.13490925535919884,0.1355601770101981,0.10076444470254023,-0.23676807742746545,2.9393247589622806,9.736962256450672,OR014
3396,0.35339446153846155,-0.34963938461538463,0.01479396814903845,0.13966850621131574,0.14038198969745133,-0.016587887375751717,-0.4735757717266771,2.5173774947918237,9.489136943057137,OR014
3397,0.3216849230769231,-0.2960252307692308,0.013599930288461551,0.11395801585791213,0.11471140057633085,0.08616550972487162,-0.25445297144294043,2.8042977547194075,8.434705042102621,OR014
3398,0.43412861538461534,-0.4120153846153846,0.013409853966346162,0.14147608361651468,0.14204140258915776,-0.047193735758162866,-0.05673858488631156,3.0563526371271768,10.592315393264524,OR014
3399,0.39324,-0.4487316923076923,0.012751819110576924,0.13702292497658344,0.1375483755755381,-0.13783394750330671,0.18261309918266244,2.858921440217537,10.786568910897534,OR014
3400,0.4349630769230769,-0.4138929230769231,0.012073819110576912,0.12415185881452916,0.12467721816430803,-0.1010210743133567,0.5559228093721806,3.48871336180964,10.326245326558539,OR014
3401,0.4579107692307692,-0.4679243076923077,0.01381180528846152,0.14565780920572716,0.14624036517043412,-0.101804964680822,0.4282259328874547,3.1312200889070705,10.588070285975167,OR014
3402,0.3988726153846154,-0.3527686153846153,0.01426631790865386,0.12258322322023738,0.12335112477050347,0.08599833824953053,0.1309298447208893,3.233635819103584,8.646318241350802,OR014
3403,0.3813489230769231,-0.3275261538461538,0.014681715144230771,0.12012752800109465,0.1209631486774904,0.13868991683704968,-0.07750788119133079,3.1526041380889334,8.239033892782158,OR014
3404,0.5330123076923077,-0.5159058461538462,0.013501734375000013,0.16034921248581868,0.16083860708164033,-0.07431390312650095,0.5233029135758924,3.3139574966709024,11.912440477236109,OR014
3405,0.6356510769230769,-0.5519963076923077,0.01421538641826924,0.14415360283140322,0.14478275172290891,-0.006634128096720802,1.2745110839124454,4.390378476433516,10.184932541604212,OR014
3406,0.5480326153846153,-0.4506092307692308,0.01380365625,0.14714656668617915,0.14772104918625453,-0.009448495049442791,0.15992735725667862,3.709915536096868,10.701588514728083,OR014
3407,0.4741827692307693,-0.5563772307692307,0.009940400841346151,0.1478266601981396,0.14808846169069598,-0.0942960298754192,0.4724764644334614,3.2020237351183236,14.89763481918517,OR014
3408,0.4080516923076923,-0.3896935384615384,0.013873534254807671,0.1416859268408588,0.14229466757795306,0.015719529399274113,-0.16914142623435469,2.8676527325533825,10.256555032373447,OR014
3409,0.499008,-0.4625003076923077,0.013333049278846158,0.1518242266838936,0.1523346830625433,-0.11663900673666047,0.17187479567390973,3.2757346519382238,11.425344636221604,OR014
3410,0.31897292307692304,-0.25200738461538463,0.0136374158653846,0.1059544050880675,0.10677711295190187,0.18184655264448935,-0.2513797825868456,2.987278024838577,7.829717448371628,OR014
3411,0.4658381538461538,-0.3152178461538461,0.014071963341346166,0.13123035794512822,0.13191894942942514,0.22613615691279135,-0.14198836509585355,3.531245176382873,9.374594449221,OR014
3412,0.3490135384615385,-0.3116713846153846,0.014051183293269228,0.12387922419749532,0.12461344851523498,-0.043514259842286906,-0.446893914870091,2.800769440377608,8.868537682155715,OR014
3413,0.4059655384615384,-0.3815575384615385,0.014363698918269226,0.14778977276631813,0.14841429473465387,0.06991637602988593,-0.37220538480175147,2.7353533511536323,10.332595773494344,OR014
3414,0.4072172307692307,-0.43934399999999996,0.013106709735576918,0.13540706887916198,0.13597409604972674,-0.12711869513952187,-0.0018478764159048922,2.9948147669266967,10.374388293702577,OR014
3415,0.3198073846153846,-0.3571495384615384,0.015373975961538463,0.1231670559022156,0.12406316223037005,-0.15125283369901688,-0.16788858962919662,2.5777787609632394,8.069686237362577,OR014
3416,0.4349630769230769,-0.4635433846153846,0.013761892427884613,0.1286582028201834,0.12932964804071004,-0.05009374797255183,0.10465373837420787,3.3632124073063308,9.397664508600563,OR014
3417,0.4969218461538462,-0.4485230769230769,0.012823734374999998,0.16785684927442784,0.1682642400005972,-0.044435352788963,-0.13603407329439945,2.9532231337572528,13.121313579968565,OR014
3418,0.40200184615384615,-0.3195987692307692,0.012078097355769249,0.134170076249036,0.13464735459624252,0.056101353670665925,-0.490130805567448,2.9855903768722416,11.14806004870681,OR014
3419,0.5555427692307692,-0.4328769230769231,0.01388962860576922,0.1453512027959609,0.14594266726456112,0.23035199724810396,0.5465597629512438,3.8065822671562897,10.507312427629786,OR014
3420,0.35986153846153845,-0.3550633846153846,0.012903798677884623,0.1494711356362503,0.14995436112380722,-0.059648417247140526,-0.7403078941175152,2.399807086400275,11.62094704567957,OR014
3421,0.43392,-0.3039526153846154,0.0157704266826923,0.13197302013511342,0.13284794214203235,0.1941954040195297,-0.0191103654382756,3.2662907155617136,8.423864795480142,OR014
3422,0.3771766153846153,-0.3782196923076923,0.012699461538461548,0.11854345908019988,0.1191641926883049,-0.02062531497051714,0.3343598824469072,3.1651841620845587,9.383405141029376,OR014
3423,0.4385095384615385,-0.33607938461538456,0.01355286959134613,0.14095632433779742,0.14153784876111722,0.10576001302582123,-0.40011780157392574,3.0981786306618235,10.443386015570672,OR014
3424,0.35151692307692306,-0.3548547692307692,0.010920730168269244,0.13067181643175507,0.13106376704330772,-0.08305186467536073,-0.3389805053170716,2.6820297554912367,12.001373994581462,OR014
3425,0.3915710769230769,-0.3148006153846154,0.013690588341346135,0.13905844823599126,0.1396631669401513,-0.048884644668658966,-0.5231415550649543,2.8036817831209118,10.201399929494837,OR014
3426,0.2933132307692308,-0.3177212307692308,0.013072483774038465,0.1163404923533299,0.11701616175563567,0.008206600704044666,-0.5349127213955165,2.5066044413741366,8.951333486297843,OR014
3427,0.38030584615384616,-0.4028363076923077,0.01175193209134616,0.1512625258177925,0.15164470162582186,-0.009180268034257878,-0.7712751209891358,2.507874275042183,12.90381023708343,OR014
3428,0.3926141538461537,-0.3193901538461538,0.014423186899038463,0.13053763070580768,0.13126865830917822,0.030673297427299205,-0.3479396859278223,2.990920749120679,9.101224245934814,OR014
3429,0.39970707692307694,-0.3054129230769231,0.01340863161057693,0.12912686429838216,0.12975845070385467,0.2565134011324854,0.1557951843210983,3.080393413723173,9.677232880460318,OR014
3430,0.3291950769230769,-0.3202246153846154,0.013247484375,0.1250363662616002,0.1256754592644685,-0.06420434076110333,-0.5381455443317829,2.619406197914316,9.486741460260713,OR014
3431,0.3798886153846154,-0.3379569230769231,0.016193565504807703,0.13304632879690173,0.1339636917948455,-0.00479284741574995,-0.3092709785133301,2.835758034844128,8.272649513479477,OR014
3432,0.4977563076923077,-0.3967864615384615,0.011700185697115392,0.14286728366182955,0.14327603571341505,0.10025088587917963,-0.09739754964856663,3.4741072030212683,12.245620661280515,OR014
3433,0.5713975384615384,-0.4785636923076923,0.015340361177884638,0.17349008591600584,0.17408257587466103,0.08085057220671467,-0.07204324721087607,3.2823361878155066,11.348010249304064,OR014
3434,0.33566215384615383,-0.3458843076923077,0.013865181490384609,0.12840407541162366,0.12908814299451427,-0.011908835852254626,-0.4138685285161392,2.600255500308949,9.310238245639688,OR014
3435,0.4526953846153846,-0.4326683076923077,0.013316954927884615,0.13470011614619254,0.1352913290270371,-0.12131334364993847,0.3429887250864918,3.346078332373513,10.159329197979648,OR014
3436,0.40346215384615386,-0.3588184615384616,0.01539231129807694,0.14154422776269873,0.14230996611800376,-0.0008329314080642768,-0.4025348345784168,2.8350941599662955,9.245522869316153,OR014
3437,0.5142369230769229,-0.5232073846153845,0.013359737379807704,0.13106000684101585,0.13167548682322294,-0.011238817117560614,1.0388054287940207,3.905335271456385,9.856143356698096,OR014
3438,0.4775206153846153,-0.39303138461538456,0.014612244591346153,0.13146223705439364,0.1322080186597666,0.02929680129371565,0.5231581290733467,3.611888448411744,9.047755656791052,OR014
3439,0.3915710769230769,-0.3191815384615385,0.014998305288461545,0.1307023741247006,0.1314966807115753,-0.023998843898651076,-0.3912381564656271,2.977801985602576,8.76743593242751,OR014
3440,0.43663199999999996,-0.3682061538461538,0.014102725961538462,0.15927907019223728,0.1598246972900512,0.04111081631867338,-0.4789229329280498,2.731943231574508,11.332893918943878,OR014
3441,0.4852393846153846,-0.4264098461538461,0.015709308894230764,0.13146789050529112,0.13233937397018414,0.10411812156489446,0.4144004894195632,3.6666289862056334,8.424264546659067,OR014
3442,0.2974855384615385,-0.3319070769230769,0.014757908653846153,0.11543406972265205,0.11631770115239215,-0.12922656804902374,-0.2048564708367162,2.5575259441535185,7.881719820923125,OR014
3443,0.4433076923076921,-0.4337113846153846,0.01728227704326924,0.14327698887287016,0.1442460587907451,0.09276361846954656,0.2331886779032213,3.0732742095282473,8.346473004083869,OR014
3444,0.39991569230769225,-0.3621563076923077,0.01431806430288458,0.1389028762015517,0.13957139455047524,0.02105795719020986,-0.31003615628454506,2.865312721103928,9.74792343420029,OR014
3445,0.4168135384615385,-0.44998338461538456,0.015078980769230775,0.15785993237571974,0.15850172935741086,-0.02927529013956957,-0.4757835342503878,2.6297097208425515,10.511435207931264,OR014
3446,0.4211944615384615,-0.3855212307692308,0.013547165264423091,0.13774762896829382,0.13834523944292265,0.007268207293937209,-0.239047082102521,3.0445172037324384,10.212117202573607,OR014
3447,0.33065538461538463,-0.3696664615384616,0.01199966286057692,0.11459845152478808,0.11516931881223498,-0.13227804140759455,-0.05781277764803239,2.871037078498875,9.597712881634898,OR014
3448,0.4433076923076921,-0.38072307692307694,0.014275078125000012,0.142840980064996,0.14348309344280652,0.17314739781967178,-0.17278020482433432,3.0896162165920824,10.0513000479853,OR014
3449,0.4558246153846154,-0.4708449230769231,0.013824436298076923,0.1624145326485566,0.1629227891353077,0.045105813558545337,-0.05322716684409956,2.7977953103052524,11.785130736793326,OR014
3450,0.3892763076923077,-0.32231076923076923,0.013092856370192306,0.11930251134212255,0.1199608794536104,0.07397326119449751,-0.012809956538170296,3.2450271243871898,9.162315392592092,OR014
3451,0.385104,-0.31626092307692305,0.015108317307692304,0.1283216407140683,0.1291457479602552,0.14372482836699949,-0.28657661954025304,2.9819332504738467,8.547990178529114,OR014
3452,0.4723052307692308,-0.5188264615384615,0.013335493990384618,0.15528790244105733,0.15578388521133285,-0.05941716885092008,0.1451654456408984,3.0317977377988248,11.681898347647172,OR014
3453,0.4168135384615385,-0.3984553846153846,0.015550402644230762,0.15973154971539946,0.16040906089500734,-0.017111399567795452,-0.6129123636133,2.5984413607056505,10.315428131664458,OR014
3454,0.4347544615384615,-0.4303735384615384,0.01416608473557694,0.1436644765336751,0.1442913858498414,-0.04076705297365473,0.05737610829745288,3.0130312975917635,10.18569269795949,OR014
3455,0.3289864615384616,-0.34630153846153844,0.014591668269230763,0.11691418045201885,0.11776456943197842,-0.20723352066647768,-0.08191640208835071,2.7935945685980395,8.070672061556309,OR014
3456,0.3859384615384616,-0.4320424615384615,0.015862307091346166,0.13726272889226865,0.1381096305828708,-0.09915933039684442,0.10651522683271697,2.7944355502919436,8.706780784632384,OR014
3457,0.5720233846153846,-0.4952529230769231,0.013048036658653851,0.1629419136888852,0.1633841812942916,0.27504892766020145,0.28041212432130225,3.5010940476853265,12.521744502145484,OR014
3458,0.4435163076923077,-0.3759249230769231,0.017769385817307727,0.13436463553637787,0.1354694638547683,0.05616473448364088,0.3703651599290452,3.2739208901556207,7.623756118954793,OR014
3459,0.3527686153846153,-0.3707095384615384,0.015173305889423075,0.12679963704633526,0.1276427665413672,-0.048738973299782856,-0.2800476702601209,2.763718030745503,8.412324082278188,OR014
3460,0.5171575384615384,-0.3402516923076923,0.016719993389423086,0.14726875007556198,0.1481433871541289,0.046418889697798234,-0.23824125342632074,3.4909255714768146,8.86025393095209,OR014
3461,0.4453938461538462,-0.3782196923076923,0.018133647836538456,0.14436555065616535,0.14543001223440782,-0.005441424586841337,-0.1434277330435969,3.0625992483308666,8.019898342868064,OR014
3462,0.3846867692307692,-0.3488049230769231,0.014855697115384606,0.12259818408461386,0.12343552339537348,0.0007772190361650066,-0.004012799503868347,3.116499680554583,8.308968770475488,OR014
3463,0.3682061538461538,-0.35464615384615383,0.013902055889423068,0.12500615235253806,0.12571612861045287,-0.09303252026211033,-0.17143043152004056,2.9288696519369166,9.042988289674476,OR014
3464,0.3869815384615384,-0.31855569230769226,0.015175750600961546,0.1208901870372207,0.12178041228682727,0.0739274620441413,-0.2355429820284685,3.177699362275828,8.024671430690958,OR014
3465,0.6041501538461539,-0.5586720000000001,0.014167307091346181,0.1833009709470023,0.1837583923980376,0.02907681862633868,0.462066912819632,3.2877418329689614,12.970594285365836,OR014
3466,0.33983446153846153,-0.3577753846153846,0.016194991586538483,0.1260151714287916,0.1269905254050364,-0.1770685954384743,-0.06425637841543441,2.6760615443912785,7.841345562080612,OR014
3467,0.40033292307692303,-0.3705009230769231,0.015624762620192294,0.13488785825406194,0.13572435012217282,-0.0480168900987107,-0.5367598309262092,2.9496027994723257,8.686490375653621,OR014
3468,0.3869815384615384,-0.363408,0.017966185096153848,0.1468765083482972,0.14790005210665855,-0.03923107140000948,-0.6518052425437264,2.616507113753182,8.232134496839876,OR014
3469,0.4996338461538462,-0.4076344615384615,0.013670623197115359,0.14627590447647362,0.14684219765630352,0.09406537463021414,0.15463884979489606,3.402522259461692,10.741441376812194,OR014
3470,0.4343372307692308,-0.3410861538461538,0.016602443509615396,0.12503774332335896,0.12607462227092306,0.16025787551555926,-0.14986765489586018,3.4450805637623017,7.593738969682759,OR014
3471,0.33983446153846153,-0.3175126153846153,0.014433780649038443,0.11779016545759335,0.1186141128340466,-0.021501857834762376,-0.07653637900788812,2.8650423918267216,8.217813178555437,OR014
3472,0.4518609230769231,-0.4871169230769231,0.0140515907451923,0.14198924782964906,0.14261383270000222,-0.220317205978582,0.14970170494073676,3.168422827731185,10.149301619021108,OR014
3473,0.4781464615384615,-0.38531261538461536,0.017164930889423082,0.15355730001648607,0.1544391532254896,0.10305142951064436,-0.2257397291835748,3.096018409530785,8.997365280430811,OR014
3474,0.29039261538461536,-0.28955815384615385,0.015743942307692306,0.10791133120238132,0.10900162930963272,0.012511199046445137,-0.5028202233328938,2.6641126121126035,6.923401215486911,OR014
3475,0.3312812307692308,-0.295608,0.012385316105769229,0.1254577663585997,0.12600665237066944,-0.056697763593436215,-0.6670851502001343,2.6290773108923813,10.173874553914214,OR014
3476,0.450192,-0.4481058461538461,0.013846438701923066,0.16850445702620587,0.16899037732648636,0.016839281763594983,-0.20299500104204604,2.664009673936861,12.204609500276492,OR014
3477,0.4658381538461538,-0.5008855384615384,0.012361276442307695,0.15388382537160736,0.1543045937099805,-0.15844565467720978,0.3195436490033989,3.018951948518841,12.482901295035985,OR014
3478,0.4222375384615385,-0.4912892307692307,0.0135145691105769,0.12754638872682594,0.1281984323514794,-0.17491559510736174,0.465417398663237,3.2936248183121086,9.48594300732441,OR014
3479,0.3323243076923077,-0.3771766153846153,0.01275507872596156,0.1148342671686479,0.11548473106314736,-0.01749893334308526,-0.0011031786657524911,2.8776471541557465,9.054019465053623,OR014
3480,0.4072172307692307,-0.3882332307692308,0.01287894411057694,0.12836750663731894,0.12894957135690896,0.04934907407099914,0.09947899248882396,3.157957226876912,10.012433492199726,OR014
3481,0.3844781538461538,-0.39762092307692304,0.016098221754807688,0.14144471165644354,0.14228921778414766,-0.07098031004076241,-0.04566976536598322,2.702089166231879,8.838815861239668,OR014
3482,0.4130584615384616,-0.34442399999999995,0.010900561298076934,0.13125031491964878,0.1316383094218765,0.08945305523015704,-0.3961060819190085,3.137828671247102,12.076287250006105,OR014
3483,0.3291950769230769,-0.2785015384615385,0.017293481971153837,0.1108577460464464,0.11214500867659348,0.033085801913796606,-0.3068129887706577,2.935441182874378,6.4848136924452495,OR014
3484,0.4385095384615385,-0.36278215384615387,0.014613874399038454,0.13894877963932373,0.13964767963382452,0.1192275938444423,0.06650761879176903,3.1401133166793107,9.555828647535996,OR014
3485,0.4681329230769231,-0.4727224615384616,0.0111933155048077,0.13469393751571024,0.13509267142411555,0.02810654157117608,0.8560106000584744,3.4652725284204875,12.069048832411738,OR014
3486,0.4007501538461538,-0.3508910769230769,0.014792542067307676,0.1264536820209552,0.12725461579804015,0.11858574435950747,0.15291256918656604,3.1491993538542102,8.602619834982914,OR014
3487,0.3652855384615385,-0.3915710769230769,0.011517443509615371,0.12451952382268296,0.12499048606702022,-0.1284927256607289,0.17643391964102095,2.9225067439586683,10.852276893103195,OR014
3488,0.3721698461538462,-0.3304467692307692,0.013149084735576914,0.1218885327571683,0.12253654246488632,-0.046357181508793616,0.00731566337464873,3.0372151740815934,9.319016869162342,OR014
3489,0.4383009230769231,-0.5868350769230769,0.01137402043269229,0.14249888453554033,0.14288271561972118,-0.25095418070025816,0.46646189204485605,3.06755734012958,12.562199660643664,OR014
3490,0.36403384615384615,-0.26765353846153844,0.013671438100961514,0.10679298954544328,0.10761279381114784,0.057488776767749813,-0.13856814755608005,3.382811961862988,7.871358741958492,OR014
3491,0.3936572307692308,-0.3617390769230769,0.012486160456730778,0.1375992052824648,0.13809763108358106,0.1507928873738809,-0.020153608277603485,2.8505719300208483,11.0600557763246,OR014
3492,0.33524492307692305,-0.33899999999999997,0.009316999399038468,0.12803079645896867,0.1283069897537879,0.038490772668952115,-0.24278960652813766,2.6128344505644976,13.771278097005075,OR014
3493,0.417648,-0.44038707692307694,0.012255746394230773,0.12960116054631513,0.1301163377169326,-0.13007659475729969,0.350052630907685,3.2098044513717485,10.616761601576801,OR014
3494,0.3644510769230769,-0.3667458461538461,0.007633408052884623,0.12161706103958506,0.1217971034225645,-0.1015503523584534,-0.3601998907773871,2.9922803308272887,15.955796228728795,OR014
3495,0.3884418461538462,-0.4309993846153846,0.009281754807692302,0.13787707796886692,0.13812195720400916,0.07925903277404826,-0.12957079622390388,2.812310613149718,14.881017659455935,OR014
3496,0.39928984615384616,-0.3517255384615385,0.010529983774038446,0.12956163855504862,0.12992577093153693,0.048193428368048456,-0.3228654539204374,3.0732151388522286,12.338648731051936,OR014
3497,0.4186910769230769,-0.3909452307692307,0.00837395192307692,0.14252903174243622,0.14270532420703164,-0.07426277006328162,-0.061385311993671365,2.9339555426513386,17.041574338845276,OR014
3498,0.38406092307692297,-0.3771766153846153,0.008049416466346144,0.1267316109904913,0.12692521363323406,-0.10681166373013397,0.12149538480001355,3.0258836056539096,15.768250302850705,OR014
3499,0.4391353846153846,-0.3477618461538461,0.008893453125000006,0.1256643399099661,0.12591742699510394,0.12218467943149955,0.2305426003998403,3.4874869594695537,14.158440509585962,OR014
3500,0.4439335384615384,-0.44226461538461537,0.009676371995192293,0.1344000181147153,0.1346824303295351,0.12607991751460867,0.22297711567917755,3.2961503395457084,13.918690847814874,OR014
3501,0.41556184615384617,-0.3967864615384615,0.009514206129807707,0.14262779027383274,0.14287526298080672,-0.15638960564176693,0.1160827194293348,2.908563998301589,15.017045146119235,OR014
3502,0.31626092307692305,-0.3364966153846153,0.0077354747596153905,0.125288672777722,0.1254661697389619,-0.06686705117106624,-0.3761953865684675,2.520686841201244,16.219582331776635,OR014
3503,0.3427550769230769,-0.3383741538461538,0.010221135216346159,0.11781654509044005,0.11820175334429395,-0.08829089748414938,-0.3729723039450219,2.899746130877701,11.564444735576894,OR014
3504,0.4128498461538462,-0.3972036923076923,0.005713902043269232,0.14333133078304355,0.1433752303822959,-0.10523538440336758,-0.28877517967564703,2.8795060698631336,25.09235007820736,OR014
3505,0.39303138461538456,-0.2812135384615385,0.011049688701923072,0.12075853938861507,0.12120428874885325,0.08047362930843555,-0.4677883805032082,3.2427184604810715,10.969022930732795,OR014
3506,0.33941723076923075,-0.2849686153846154,0.008226454326923075,0.10983699265072012,0.11009113540271476,0.07985708202833222,-0.30769137533543045,3.0830568649114047,13.382574196323528,OR014
3507,0.3490135384615385,-0.2924787692307692,0.008205063100961528,0.122411666009063,0.12262669212519325,0.0603028225297057,-0.4596973846682384,2.8461465641201524,14.94524668686862,OR014
3508,0.4172307692307693,-0.3571495384615384,0.008557712740384617,0.13380862323998202,0.13401677878383794,-0.09083074525579224,-0.17901062390830047,3.1132726291216164,15.660350241881886,OR014
3509,0.34066892307692304,-0.327108923076923,0.00753398978365384,0.12036335802755095,0.12054024708269145,0.003180892479736137,-0.30080806900755475,2.8261840449291737,15.99952356508662,OR014
3510,0.5065181538461538,-0.39324,0.006314282451923079,0.15105954199509508,0.1511177396118307,0.1172290313405592,-0.08771794568375535,3.35181134357372,23.932686059333037,OR014
3511,0.3450498461538461,-0.5275883076923077,0.008888563701923072,0.12720589677505093,0.1274540883966225,-0.3314604211662435,0.3661151883657978,2.7072481588828325,14.339109519915727,OR014
3512,0.4297476923076923,-0.4631261538461538,0.005178713942307696,0.1438037217159013,0.14382675211199686,0.031346496855167036,0.06627724608353258,2.9879538124663414,27.772677486006483,OR014
3513,0.4266184615384616,-0.347136,0.008936439302884605,0.13074752815018334,0.1309888613996483,0.05597426056445064,-0.004028425292598836,3.256906403948688,14.657835963521421,OR014
3514,0.28392553846153845,-0.3195987692307692,0.008642666466346155,0.11078552946276383,0.11106819277837213,-0.08143137882713034,-0.4641002056571599,2.556317262027389,12.851148798910927,OR014
3515,0.4687587692307692,-0.3963692307692308,0.00825843930288462,0.16589653634880164,0.16602104074604676,0.11143602845093327,-0.44528394880440025,2.8234901258558165,20.10319803259397,OR014
3516,0.28663753846153844,-0.24595753846153845,0.009506464543269214,0.10412805765072826,0.10451046230163336,0.007984013696928409,-0.5100194478893845,2.742668362084727,10.993620375476926,OR014
3517,0.3951175384615385,-0.3577753846153846,0.008820926682692302,0.12950755093699984,0.12974450042319174,-0.018947404819548104,-0.22864391341290746,3.0453509564780865,14.708715432105992,OR014
3518,0.3565236923076923,-0.3235624615384615,0.011492996394230766,0.13043906252147688,0.13088094751480636,-0.1150847802871167,-0.4929027625873194,2.7240304954803247,11.387887285904462,OR014
3519,0.4051310769230769,-0.3619476923076923,0.007644409254807691,0.1352178025016837,0.1353677796964873,-0.014583038990593903,-0.2567070551256667,2.992817624928436,17.70807595254693,OR014
3520,0.5131938461538461,-0.5574203076923077,0.0101842608173077,0.17542715407604625,0.17563698970017902,-0.12368120397386008,0.1541297168323701,2.921900717097767,17.245924161888286,OR014
3521,0.3961606153846154,-0.3698750769230769,0.009140980168269216,0.13250524219466756,0.1327556047610198,-0.07445097702988243,0.3879985258266352,2.984134764763902,14.523125782708727,OR014
3522,0.3100024615384616,-0.3692492307692308,0.00761527644230769,0.1173607246564699,0.11755033562193325,-0.17170553676305947,-0.3109545903593687,2.637189080731297,15.436121920521042,OR014
3523,0.4228633846153846,-0.458328,0.01048638641826922,0.14176299849804536,0.14208126658026435,-0.02782405547606329,-0.05406027846837702,2.9762078759095325,13.54911605514866,OR014
3524,0.3452584615384615,-0.4005415384615385,0.006340359374999999,0.14266937615939254,0.14274058133413645,-0.09078870482088566,-0.4343235057453527,2.4187827898098444,22.513011154692858,OR014
3525,0.40387938461538464,-0.41618769230769226,0.009106754206730776,0.12675333992485166,0.12701831482731102,-0.17548453184590102,0.34237226086956785,3.179694087143911,13.947704302091756,OR014
3526,0.4017932307692308,-0.4068,0.0067855006009615425,0.14227822449797958,0.1423705290396609,0.13489594022548068,-0.19165025344112552,2.8221657493265417,20.981580787051467,OR014
3527,0.4362147692307693,-0.38072307692307694,0.007628926081730766,0.1437918847528777,0.1439239907870184,0.06600163817822688,-0.008132858965069545,3.030869050013272,18.86556367765547,OR014
3528,0.3125058461538461,-0.33002953846153843,0.00871091466346155,0.12746360549356095,0.1276988041343504,-0.07594531623349372,-0.5576609659630276,2.447210436090399,14.659632090070936,OR014
3529,0.3761335384615385,-0.3221021538461539,0.00887450661057692,0.12225185871794285,0.12251399347081453,0.10750116734717448,-0.004564684320035983,3.0701271569532316,13.805161103243586,OR014
3530,0.4516523076923077,-0.4846135384615384,0.00913527584134616,0.15065344072818695,0.15085671333088949,-0.03343534388168885,0.1210071728484654,2.9939158670496315,16.51364621614529,OR014
3531,0.5438603076923076,-0.5348898461538462,0.009852187500000009,0.1392005973177818,0.13948099952956414,-0.017534387428257303,1.1213252755705303,3.8991712815839983,14.157363481923586,OR014
3532,0.42328061538461537,-0.4464369230769231,0.008203840745192311,0.14439688912815002,0.14455934011319835,-0.012618412423620906,0.12671229991095467,2.9280751769699704,17.620934462667908,OR014
3533,0.3813489230769231,-0.38719015384615385,0.010369651442307688,0.1289519316533102,0.1293054193771715,-0.013031090434818544,0.09020013718643582,2.949210674338133,12.469601326194196,OR014
3534,0.39699507692307695,-0.4163963076923077,0.009123867187500013,0.1322594541075442,0.1325093414519519,-0.12639771279005196,-0.20666229327922456,2.995978038778708,14.523374653402882,OR014
3535,0.3894849230769231,-0.4220289230769231,0.008717637620192302,0.1322823748222795,0.13250485044583624,-0.08304743043628866,0.05275201091746951,2.9394012503423945,15.199628181254148,OR014
3536,0.39928984615384616,-0.32961230769230765,0.00877284735576923,0.13705846058278473,0.13727213745104005,0.004320579314348351,-0.4369105414195822,2.908746476656694,15.647386975309296,OR014
3537,0.3212676923076923,-0.30436984615384616,0.008947644230769242,0.10116885531640492,0.10151454266289246,0.02467090656012546,0.19527108789801995,3.1647455022730275,11.34539327276819,OR014
3538,0.4145187692307692,-0.34442399999999995,0.011617880408653835,0.1307880773729009,0.13123944421384728,0.0817053028384857,-0.1929976600039076,3.1584922636165254,11.29633285914104,OR014
3539,0.4764775384615385,-0.5102732307692307,0.009928788461538458,0.15958868864797646,0.15981945674504192,-0.010940789908846064,-0.25980450036570746,2.981348755437565,16.096571838965133,OR014
3540,0.3750904615384615,-0.3116713846153846,0.011957084134615386,0.1307972921511853,0.13127907880008285,0.01620504068092831,-0.19831088692134105,2.8571990675655536,10.979188347436144,OR014
3541,0.3955347692307692,-0.3588184615384616,0.011977864182692312,0.11769818152069295,0.1182489026510407,0.02541779419541779,-0.2569269118799413,3.3449339517172096,9.872286147801473,OR014
3542,0.4297476923076923,-0.3705009230769231,0.010480682091346165,0.14610517396439887,0.14640942643218538,0.07559148515801399,-0.3834344893461421,2.9352460615419798,13.969455914808707,OR014
3543,0.4172307692307693,-0.3700836923076923,0.01222213161057692,0.1282950125489844,0.1288134966062194,-0.05800301986869458,-0.14544990481734965,3.2390299170764414,10.539364221437891,OR014
3544,0.4270356923076923,-0.3644510769230769,0.008987574519230756,0.13588076285855338,0.13611145201357094,-0.010478536957565107,-0.029588651302788538,3.1373972284500713,15.144403167098377,OR014
3545,0.3337846153846153,-0.3903193846153846,0.010166536658653856,0.11477070020455135,0.11516426748583918,-0.06064955698488081,0.3242542798870507,2.8983348973730765,11.327777723381365,OR014
3546,0.4796067692307692,-0.3861470769230769,0.0112595264423077,0.14487972030124738,0.14524603992250062,0.1528732137230569,0.09094103373888007,3.302029917556957,12.899835589597998,OR014
3547,0.4589538461538462,-0.4278701538461537,0.007252440504807688,0.13726057092444727,0.13738509137760607,0.11147766089738316,0.2737462923784553,3.3406379218571907,18.943291059958735,OR014
3548,0.4272443076923077,-0.3379569230769231,0.0132458545673077,0.13874195127415706,0.1393053607499901,0.11390581545840033,-0.5092744979287298,3.066962429816888,10.516902480102102,OR014
3549,0.4078430769230769,-0.3880246153846154,0.010104603966346149,0.1442057159747209,0.1444890433290824,-0.06802510372351353,-0.3386043078471457,2.8226574661041246,14.299327693624596,OR014
3550,0.4168135384615385,-0.4076344615384615,0.011443490985576926,0.13712379165531502,0.13753372489466167,0.03955467057602794,-0.07170937299301894,3.030627860772184,12.018511227736845,OR014
3551,0.4439335384615384,-0.3613218461538461,0.010212375000000004,0.1180844751778309,0.11846779625306178,0.10629632841496224,0.3490280592093091,3.747292956418652,11.600415794862776,OR014
3552,0.4518609230769231,-0.4322510769230769,0.010781992788461524,0.15172707224125842,0.15203576642382252,-0.03550614144397179,0.0757819879741417,2.9720698866166337,14.100896690129991,OR014
3553,0.3279433846153846,-0.36549415384615386,0.009467145432692314,0.11691160175150715,0.11723737243487745,-0.12637273731027035,0.041268957381941807,2.7972597628588898,12.383603195745653,OR014
3554,0.4656295384615385,-0.37968,0.00862514603365384,0.1493942780251504,0.1495702105829153,0.1712808376774823,-0.28577801886772924,3.113116820835212,17.34118007965523,OR014
3555,0.4351716923076923,-0.3817661538461538,0.010670350961538469,0.1475494800151434,0.14786292587259173,-0.04693437051468738,0.14083720762633425,2.9430750794331266,13.857362930757118,OR014
3556,0.3730043076923077,-0.27975323076923075,0.010237637019230784,0.11536131466706358,0.11575856690646345,0.12373557762735116,-0.008572535727502384,3.222260932045806,11.307156787158787,OR014
3557,0.44038707692307694,-0.4401784615384615,0.00879973918269232,0.13577843506458098,0.13599711446760746,-0.09961684914364574,0.27645339918553713,3.2382089770586333,15.454675603919261,OR014
3558,0.5630529230769231,-0.40033292307692303,0.010955974759615371,0.14961019114544094,0.14993793407500966,0.12613209607111406,0.5662858209889601,3.7552399701282,13.685494660657058,OR014
3559,0.3947003076923077,-0.3079163076923077,0.009305183293269228,0.11709445623011835,0.11740659418639393,0.2625714749269372,0.2686999375160011,3.3618240136127624,12.617332779604494,OR014
3560,0.4099292307692308,-0.36632861538461536,0.008473777644230766,0.13907204481703114,0.13926216582037212,0.1476353431890898,0.060065281567749824,2.9435793157057435,16.434484319421166,OR014
3561,0.34651015384615386,-0.3684147692307692,0.009285625600961528,0.11430111444486644,0.11462202696834385,-0.08278593957447745,0.06759404982104389,3.0230677559196586,12.344028490280152,OR014
3562,0.4952529230769231,-0.5611753846153846,0.010119679687499996,0.15528099312056845,0.1555347153661902,-0.19210746009970192,0.4970688129657308,3.1841953862898187,15.369529488004387,OR014
3563,0.5058923076923076,-0.4858652307692308,0.009376079927884614,0.15437013260399596,0.15457935533571365,0.11430500315074002,0.4876433919741498,3.2727029207336034,16.486565443623427,OR014
3564,0.3617390769230769,-0.4036707692307692,0.009578583533653857,0.1398440431647073,0.14010356050742734,-0.07510369184069562,-0.4848464416366332,2.581940641714812,14.626751441398484,OR014
3565,0.3504738461538461,-0.3377483076923077,0.012305251802884632,0.13296839992772164,0.13347190114344584,-0.011065567486595991,-0.46704701051909,2.625824935071408,10.846742779546938,OR014
3566,0.4209858461538461,-0.3899021538461537,0.007922495192307696,0.13888536310188132,0.13904342112895546,-0.03725783685546236,-0.2054180662398828,3.0277293433639256,17.5504582525918,OR014
3567,0.3938658461538461,-0.4387181538461538,0.010091972956730769,0.1290940491082966,0.129425062303124,-0.04616556440557771,0.2407171517065709,3.0431961101272673,12.824555006046154,OR014
3568,0.41973415384615387,-0.3926141538461537,0.010691538461538443,0.160134063395767,0.16041254733327812,0.02691487577897508,-0.40572384055634414,2.616591786764044,15.003691742806092,OR014
3569,0.360696,-0.3828092307692307,0.007868915264423067,0.12062185660577805,0.12081946653242345,-0.0964011857544183,0.06375125420501249,2.9854129500166486,15.354017990087184,OR014
3570,0.5225815384615384,-0.5067267692307692,0.01045990204326924,0.15106531634148426,0.15135340591860116,0.0549720745369211,0.03668576345730301,3.452724009016264,14.46986838810736,OR014
3571,0.49087200000000003,-0.4157704615384615,0.0078069825721153955,0.1575198297458362,0.15763633713762895,0.14819447914840195,-0.18968159501011692,3.1139520805499936,20.191711161322022,OR014
3572,0.39324,-0.4053396923076923,0.008138240985576922,0.12231127060888901,0.1225221141814076,-0.037807616993164914,0.7412413113763217,3.2095430496552204,15.055110115140193,OR014
3573,0.4380923076923077,-0.3963692307692308,0.008605588341346145,0.1280584814386055,0.12828490244515448,0.08961685542541788,0.2668829096389045,3.4149950566443694,14.90716234110349,OR014
3574,0.4387181538461538,-0.4007501538461538,0.00813681490384615,0.1386212109817763,0.138792227527166,-0.05686201476769341,-0.16489220358895595,3.1609706225104204,17.057316550430688,OR014
3575,0.32731753846153844,-0.3367052307692308,0.007657243990384611,0.13273789516309786,0.13289385163555648,-0.024121061488138,-0.601235643910802,2.462999863674377,17.35531110180563,OR014
3576,0.3642424615384615,-0.3129230769230769,0.0077244735576923,0.12324914574653766,0.12343089196364433,0.05281493201809709,0.03241207943256175,2.9509829811952297,15.97919794038618,OR014
3577,0.3577753846153846,-0.3892763076923077,0.009601197115384614,0.11674395690717793,0.1170812740883734,0.007534001843637892,0.1390255251120105,3.055786567075913,12.194445409392396,OR014
3578,0.4380923076923077,-0.4309993846153846,0.00968737319711538,0.156354384515306,0.15657798386888058,0.001379847480787935,-0.044632002585603736,2.7979176693140277,16.163100221585868,OR014
3579,0.4282873846153846,-0.3485963076923077,0.011000183293269234,0.14283173899786403,0.1431851491538169,0.03373231126837799,-0.2950234321175631,2.991143894087062,13.016614845084323,OR014
3580,0.3667458461538461,-0.3500566153846153,0.011274398437499996,0.1126394115276538,0.11314750911481525,0.08308961452142619,0.13393197639175505,3.2413072901295124,10.035791243502016,OR014
3581,0.35986153846153845,-0.25430215384615384,0.012640177283653846,0.10917589680788274,0.10985222123156747,0.0659098707832685,-0.3043719151377182,3.2758694765302336,8.690718394719614,OR014
3582,0.3517255384615385,-0.3694578461538461,0.0094257890625,0.1274978200218587,0.12778366448219186,0.01045728177974142,-0.252269640552512,2.7525078411768007,13.556813507589764,OR014
3583,0.5025544615384615,-0.4343372307692308,0.012774636418269236,0.16192479930670078,0.16234908945950685,0.05015046123159764,-0.2503514822357378,3.095517586280081,12.708705292569306,OR014
3584,0.4460196923076923,-0.40972061538461535,0.007393215144230773,0.13640360147405706,0.13653729255974115,-0.0006716013583448506,0.16658618145308954,3.266651066136665,18.467918205557265,OR014
3585,0.3410861538461538,-0.3475532307692307,0.010900561298076912,0.117836096644287,0.11828190056425245,-0.05608543172776696,-0.05999875712747783,2.8836715695219217,10.8509917360971,OR014
3586,0.4141015384615384,-0.4739741538461538,0.009694911057692313,0.14719646369098074,0.14744365445899446,-0.2519008343095501,0.39167451974247935,2.808540930303,15.208355557012256,OR014
3587,0.4418473846153846,-0.499008,0.010915433293269248,0.14632479047912558,0.146660089552128,-0.04879258752609699,0.4383501371114553,3.0127309069884136,13.43603003305078,OR014
3588,0.3723784615384616,-0.37550769230769226,0.012355368389423058,0.1250421417919626,0.12559029927760906,-0.1618506109142152,-0.3531347177160251,2.9650256722085166,10.164836475869222,OR014
3589,0.43663199999999996,-0.44685415384615385,0.009424362980769216,0.1478740378843646,0.14810197658454555,-0.1278884739915886,-0.2676366164185353,2.9481848255464977,15.714799704420711,OR014
3590,0.3834350769230769,-0.31125415384615385,0.014223739182692296,0.1326142049490034,0.13331041882566466,-0.10769621705330223,-0.28463636816317583,2.8762573870877284,9.372389152627262,OR014
3591,0.3671630769230769,-0.3047870769230769,0.011024019230769207,0.10523851144324103,0.1057632153453792,0.2111442622548456,0.2342229205731483,3.4715574382272063,9.593888864977924,OR014
3592,0.5405224615384615,-0.5313433846153847,0.01006161778846155,0.15952421373843462,0.15976344820867702,0.04285896764254018,0.6141765682143387,3.3832673718487305,15.878504984744142,OR014
3593,0.3682061538461538,-0.3143833846153846,0.011787584134615376,0.11273107266103047,0.11329091507685833,-0.10801622822008343,0.1280875135659043,3.2500942692214725,9.611037663278996,OR014
3594,0.4485230769230769,-0.3903193846153846,0.008773865985576923,0.13493161577266738,0.13515081144493266,0.015779649024053658,0.06385341190143867,3.3186857861066428,15.40379254334437,OR014
3595,0.4255753846153846,-0.4295390769230769,0.013446524639423087,0.14965763457948175,0.15018769638175,-0.07533610745914114,-0.424073839251919,2.8336234915918066,11.16925751516666,OR014
3596,0.31542646153846154,-0.34338092307692303,0.012537499399038464,0.12104578299146893,0.12163454195984258,-0.12269787542693908,-0.2961102986341593,2.593230972519295,9.70165884667329,OR014
3597,0.3617390769230769,-0.3175126153846153,0.0108496298076923,0.13317697851827034,0.13355336632460688,-0.04176064782286842,-0.5242203668147947,2.7085732608480666,12.309486009367676,OR014
3598,0.3381655384615385,-0.3454670769230769,0.012089302283653843,0.1254099986555773,0.12593037735966586,0.0863443530666675,-0.5415127436077714,2.6853372915393914,10.416678680451103,OR014
3599,0.4053396923076923,-0.3778024615384615,0.011935896634615386,0.14502136416950767,0.14544113385369836,0.022190357721168633,-0.10646231594960698,2.7869673562599573,12.185187112956676,OR014
3600,0.3594443076923077,-0.39052800000000004,0.014418093750000003,0.13098465286817496,0.13171220843868325,-0.09911285890499692,0.1385321897920493,2.729012837558197,9.135202664269206,OR014
3601,0.33899999999999997,-0.2451230769230769,0.01583969350961536,0.10526723941593648,0.1064014384699132,0.16367860279368962,-0.27213760433930645,3.1860471519457696,6.717392505437247,OR014
3602,0.39699507692307695,-0.40387938461538464,0.013092245192307702,0.1364002311805428,0.13696080089734794,-0.03803333700910058,-0.23332241956906466,2.8986036466056038,10.461215695671417,OR014
3603,0.39532615384615377,-0.417648,0.015507416466346185,0.15651366582948584,0.15720396040373374,-0.12670544917116966,-0.3765901344142568,2.5147340616029696,10.137340461894082,OR014
3604,0.3510996923076923,-0.3141747692307692,0.012824549278846149,0.11281482439047565,0.11348667223619835,-0.02879711444444819,-0.1947164080554371,3.0937526441603036,8.849174327193898,OR014
3605,0.4387181538461538,-0.42745292307692295,0.013847253605769216,0.13680796397989858,0.1374404878040308,0.07757806226929792,0.21000906100411146,3.1920590566565736,9.9254691014519,OR014
3606,0.35610646153846154,-0.4017932307692308,0.01234151502403846,0.11874186422642352,0.1193238205171987,-0.05637114585293945,0.07233885924461303,2.984370262324397,9.668490479878932,OR014
3607,0.401376,-0.3440067692307692,0.014195013822115382,0.1478507263297968,0.14845870872508085,0.04909610796078805,-0.5025822827841817,2.70362044400694,10.458511036726634,OR014
3608,0.4186910769230769,-0.3828092307692307,0.014598594951923081,0.13448114918031312,0.13520590649574915,-0.017317975476863916,0.02895936371553365,3.0966922065364093,9.261569825111039,OR014
3609,0.3788455384615385,-0.26765353846153844,0.015670193509615394,0.1138722419689335,0.11489029323487115,0.2562183678497701,-0.0774948781905005,3.297454709137712,7.331772461161584,OR014
3610,0.4136843076923076,-0.3387913846153846,0.01606501442307692,0.12454621715030688,0.12551771465230904,0.07317510954822005,0.03434402969760564,3.2958240901552087,7.8131093659029975,OR014
3611,0.5432344615384616,-0.3949089230769231,0.014620189903846168,0.13924897305285566,0.1399467421278845,0.07663078558101574,0.3765221603458113,3.881722813111644,9.572156247510053,OR014
3612,0.4355889230769231,-0.3759249230769231,0.015077962139423084,0.13313489263032682,0.1339213765821799,0.08569092746810099,-0.1553947859355458,3.252572025419908,8.881928164020712,OR014
3613,0.4157704615384615,-0.32085046153846153,0.013832177884615365,0.12680245168743806,0.12749309348174556,0.22407847044945026,-0.09737031025549392,3.261121447319744,9.217138077984659,OR014
3614,0.3477618461538461,-0.35464615384615383,0.013410465144230737,0.11861549362106692,0.11931360368417784,0.0729812971540942,-0.17452530034992764,2.9146873065234784,8.897051847266258,OR014
3615,0.4743913846153846,-0.4604141538461538,0.015319988581730769,0.13922348582739252,0.1399962577011491,-0.1307683083436551,0.35797733523731745,3.3886004697930634,9.138143736483977,OR014
3616,0.4270356923076923,-0.3752990769230769,0.015361344951923062,0.16135525347868998,0.16200636849682207,-0.03861943113790292,-0.6021557314005506,2.635919169536036,10.546366155037797,OR014
3617,0.4272443076923077,-0.39991569230769225,0.014009826923076934,0.1391083437238584,0.13974444158840715,0.17120086900807294,0.12309947091328155,3.0573259503993815,9.974744324515576,OR014
3618,0.3202246153846154,-0.3212676923076923,0.016954889423076918,0.1110984842445302,0.1123311528013049,0.00329723508029515,-0.11636359177733625,2.850719567981639,6.625295512008086,OR014
3619,0.3928227692307693,-0.3821833846153846,0.01113117908653846,0.15313446928473162,0.15346389894222046,0.012969867919415885,-0.5666760648384148,2.5597079960718845,13.78685022935375,OR014
3620,0.40659138461538463,-0.3235624615384615,0.017219733173076898,0.10695208252061343,0.10827786714628143,0.13382361253325886,0.30308607149248434,3.755073823776812,6.288010740815323,OR014
3621,0.3844781538461538,-0.3348276923076923,0.012082579326923082,0.1188466914173618,0.11940155481315175,0.025486041640012898,-0.20755612713602825,3.220043109554253,9.882124634356384,OR014
3622,0.4309993846153846,-0.3421292307692308,0.01319553425480768,0.12465423783163705,0.12529016977574906,-0.06286070912549621,0.17540567441896693,3.4400095824501644,9.494891783566901,OR014
3623,0.3938658461538461,-0.4218203076923077,0.014021846754807698,0.15153462027527048,0.15210827977624786,-0.02263703313473037,-0.6263910729105522,2.5893780846987755,10.847949092304418,OR014
3624,0.3657027692307692,-0.3911538461538461,0.011149106971153844,0.12138980315203055,0.12184168734118532,-0.03616919272140913,-0.2245705064196195,3.0014585090792085,10.928380870003949,OR014
3625,0.2926873846153846,-0.3381655384615385,0.012098877403846159,0.10545826630272967,0.10609885946120344,0.023926279578270145,-0.15866575486975298,2.758628943814518,8.769314368577309,OR014
3626,0.4378836923076923,-0.3575667692307692,0.011951787259615385,0.13485859140413714,0.13532155892017553,0.1955994889336283,-0.20125557851451606,3.2358753165561325,11.322286448104856,OR014
3627,0.35151692307692306,-0.3842695384615384,0.012278563701923066,0.15456108826346635,0.1549727843953529,-0.04368751576381457,-0.724138817267356,2.268249386164245,12.621409812866068,OR014
3628,0.3001975384615385,-0.3087507692307692,0.01219198016826923,0.11021023081392924,0.11082904736708472,-0.0985798775602803,-0.4675912866747374,2.708653963858708,9.090323789693135,OR014
3629,0.3746732307692308,-0.3788455384615385,0.011512146634615392,0.11589011101652195,0.11640417351404934,0.1118382391194048,0.36160669171150106,3.2187267815101985,10.111422066501351,OR014
3630,0.3888590769230769,-0.33607938461538456,0.01385356911057692,0.1238541103064956,0.12456637469152862,0.050500259469003266,-0.11633046994011308,3.121701806655549,8.991644947035686,OR014
3631,0.3709181538461537,-0.39532615384615377,0.010502277043269236,0.13116517640402334,0.13152110190594654,-0.14823493095219833,0.02989614956703468,2.820217808936888,12.523103453097024,OR014
3632,0.3623649230769231,-0.40387938461538464,0.013238316706730764,0.13946712843640194,0.14002620379162878,0.024645667473640383,-0.07986028966671999,2.5878365139153083,10.577342036275288,OR014
3633,0.3277347692307692,-0.2860116923076923,0.013370331129807685,0.10253885709945026,0.1033572212258675,0.10119044389294604,0.4631378011957681,3.1708937734942326,7.730341172736098,OR014
3634,1.6893653333333332,-1.5691733333333333,0.01610401302083334,0.33498352172123225,0.335206973547677,0.1498081225617661,5.3998588027632,5.039767864772814,20.815120623289896,OR021
3635,1.0733813333333333,-1.2102666666666666,0.014715890625000004,0.24852127319265416,0.24883541831725844,-0.1905786444726604,2.7496741248888235,4.313619582742843,16.909300609677395,OR021
3636,4.063992,-4.731725333333333,0.014863424479166665,0.8303937161446974,0.8301212278284643,-0.5654851267278949,9.60096335701144,4.895660855018853,55.84993074725172,OR021
3637,1.4815333333333334,-1.374696,0.012151572916666672,0.3168591422554149,0.3169374230940548,0.010383146173238015,4.954588692987414,4.674529498189526,26.08200808796979,OR021
3638,3.322808,-2.97976,0.01607792968750001,0.6925250024680984,0.6923734746498159,-0.04235267263396705,5.538365002957397,4.799155544889394,43.06359637759272,OR021
3639,3.218474666666667,-3.367045333333333,0.015287278645833322,0.6245362884472153,0.6244184274934633,-0.27777041980597783,8.719860440140385,5.154355677147851,40.84562347292949,OR021
3640,0.8622106666666666,-0.8538640000000001,0.01395784374999997,0.2321719667002769,0.2324779625520091,0.05347142753280016,2.277637346554659,3.708784511021237,16.65572180889399,OR021
3641,4.676637333333334,-4.1958693333333335,0.013713312500000014,0.9604908808292428,0.9601197146496812,0.023512634156773952,7.238518343241652,4.870889808818995,70.01369761315367,OR021
3642,1.8362666666666667,-1.8821733333333333,0.01253385677083333,0.3725804541243284,0.3726093526346492,0.0015453058382676034,6.098492181316379,4.9281282224473895,29.728228066377987,OR021
3643,0.9682133333333334,-0.9773946666666666,0.013419874999999977,0.2316233106230573,0.23189881223888484,0.02031948218775133,1.9306660467981092,4.175154344197125,17.280251286907312,OR021
3644,5.4211599999999995,-5.517981333333332,0.01003556250000001,0.9449655092313968,0.944557301111816,-0.4983105279500114,10.872535167113329,5.7393659374808506,94.1210122613272,OR021
3645,2.271128,-2.222717333333333,0.01783447916666668,0.41183516608324855,0.4120201932651144,0.07754304135406047,8.65467584652701,5.512176434854112,23.10245168444256,OR021
3646,3.8344586666666665,-3.5289706666666665,0.012366760416666657,0.7199442425764251,0.7196988798018149,0.16406032148944624,6.281781699996762,5.327865270156555,58.1962337389409,OR021
3647,3.5389866666666667,-3.921264,0.014476250000000015,0.6664308504242304,0.6662626504851835,-0.5606871732629636,10.01659818451759,5.311699018531984,46.02453332079665,OR021
3648,1.5675039999999998,-1.399736,0.015402208333333334,0.3119843578388421,0.3122121307530524,0.2349845476946895,4.705961160411446,5.020637719038003,20.270608213847197,OR021
3649,5.758365333333333,-5.250888,0.013736950520833327,1.0695032234106168,1.0690691372561014,0.21914676643323894,8.646930620062424,5.386335768809951,77.8243421372714,OR021
3650,2.045768,-2.035752,0.016121130208333338,0.3974613366106473,0.3975941800083696,-0.15349624608025542,6.43071657514745,5.145367067387493,24.66292219405592,OR021
3651,0.7453573333333333,-0.5316826666666666,0.013302499999999998,0.1828540854791332,0.18324824995984887,0.0952907750044556,1.3782658694672554,4.0674731327401314,13.77547453184356,OR021
3652,6.328442666666668,-5.976213333333333,0.015758408854166645,1.0580851220803136,1.0576857511601454,-0.19109652316440867,12.061936314715615,5.9832919746958675,67.1188164330744,OR021
3653,1.6367813333333332,-1.592544,0.012938963541666659,0.3597132385481812,0.35977030146079936,-0.16568112617904066,5.536640604639188,4.549517641360059,27.805187046261484,OR021
3654,3.010642666666666,-2.857898666666667,0.015727434895833316,0.6164301272450102,0.6163297606040028,0.0562543765396837,5.1633694538868,4.884791971940863,39.18819341399961,OR021
3655,2.994784,-3.517285333333333,0.01769102083333335,0.6278112487587003,0.6277539543017518,-0.7162323555769925,9.788901794815407,4.770633429670843,35.4843262136089,OR021
3656,1.7962026666666666,-1.6609866666666668,0.01213608593749999,0.3375793178686937,0.3376326281203246,0.3026197729529197,6.106100272819508,5.319991366552824,27.82055350127788,OR021
3657,5.9962453333333325,-5.403632,0.016679476562500004,1.0717845195493385,1.0713909008391165,0.103859180978715,8.937387529864186,5.596692419766732,64.23408413474404,OR021
3658,2.336232,-2.2627813333333333,0.015048453124999988,0.4113546403816586,0.4114290332318191,-0.08100414351065137,8.597263149573115,5.678335293084806,27.34028739128757,OR021
3659,0.7320026666666667,-0.6051333333333333,0.016056736979166656,0.18877154997318607,0.1893613407532122,0.10933623461409224,1.2847734300039102,3.865639437041478,11.793264160638948,OR021
3660,5.547194666666668,-5.5914319999999975,0.01400104427083335,0.9794844888658796,0.979106219470357,-0.4993606087975869,10.817888342860924,5.6655698394678735,69.93094233049517,OR021
3661,2.1943386666666664,-2.1417546666666665,0.016077929687499975,0.3817668694538347,0.38191898671515995,0.20627661883072165,10.18027564344748,5.745560558640758,23.754239142623483,OR021
3662,2.508173333333333,-2.301176,0.014202374999999991,0.5152063878246815,0.515150573214481,0.1556154386194489,4.3897485635527635,4.8688159612880115,36.272142737709814,OR021
3663,3.698408,-4.220909333333333,0.013044927083333343,0.7039525339320036,0.7037296394323186,-0.8297843698258354,11.42789300655867,5.255438726416887,53.94661349479127,OR021
3664,1.9372613333333333,-1.7786746666666666,0.016748760416666657,0.3398181860314399,0.34006492117204623,0.19412667317800672,7.606241892847869,5.696739689164325,20.303885942129085,OR021
3665,5.474578666666666,-4.977951999999998,0.01389426562499999,0.9900274774721868,0.9896414879793304,0.10891356391955588,8.849140538146749,5.531880719597527,71.22661353174837,OR021
3666,3.644154666666666,-3.4730480000000004,0.014139611979166687,0.6088071424676295,0.6086740558202165,-0.225046873514379,11.943824657645429,5.987037942262872,43.04743699594,OR021
3667,0.9156293333333332,-0.7762399999999999,0.01443304947916664,0.1961064103130836,0.19654129518219787,0.25899745284323195,3.0180517770126247,4.658712218643546,13.617447613263927,OR021
3668,3.973848,-5.076442666666667,0.01632164583333329,0.8582328236837881,0.8579689244956409,-0.7393644659730921,9.32412092394796,4.631692228638743,52.566324086228626,OR021
3669,2.8211733333333333,-2.859568,0.013419059895833332,0.4762375768748032,0.4761940930373889,0.15951921511913528,12.225120197739015,5.924419001795191,35.48639746255614,OR021
3670,1.6643253333333334,-1.6860266666666666,0.01464742187499999,0.38481908111112456,0.3849099338660821,0.03630809744480574,2.9138244107696987,4.323934476350475,26.278340116839317,OR021
3671,4.387008,-4.721709333333333,0.015526104166666674,0.7691887327654913,0.7689698186826719,-0.7705045619281349,11.86850730168985,5.705045755261781,49.52754473550357,OR021
3672,1.92808,-1.9923493333333333,0.013864106770833324,0.3618476486388838,0.3619365542747772,0.046209133422551216,8.068775872313006,5.327121500240144,26.106013193450213,OR021
3673,4.600682666666667,-4.3402666666666665,0.01565489062499999,0.8811412909864874,0.8808500652301259,-0.03588507121787378,7.426580002737584,5.223003151466782,56.26676585165388,OR021
3674,2.9981226666666667,-2.923837333333333,0.014282255208333313,0.5302335335036803,0.5301669780950696,-0.06989326384568129,8.839556629735778,5.655053578476634,37.120676697173955,OR021
3675,0.9732213333333332,-0.9114559999999999,0.014595255208333331,0.2398851280743377,0.2402117815161584,0.2405722602184319,2.6130730403769618,4.051513740044708,16.45821043122334,OR021
3676,4.300202666666666,-4.836058666666667,0.011911117187500004,0.9452130044932494,0.9448264447303968,-0.313517988341921,7.657932550713585,4.5513148903169345,79.32307522941132,OR021
3677,2.9505466666666664,-2.8796,0.019989614583333308,0.4975480928354074,0.4977066779941634,0.055593069213780176,11.55504147678957,5.928284262847017,24.89826284140241,OR021
3678,1.036656,-1.191904,0.01514055989583335,0.2551134459302973,0.2554379559851433,-0.1426824209778818,2.2139674174582487,4.058347538845377,16.871103693823063,OR021
3679,4.961258666666667,-4.926202666666667,0.01335792708333331,0.8527141409398863,0.8524023468272549,-0.5078646834961971,11.633039117399564,5.8203249734507105,63.812471913460115,OR021
3680,2.1016906666666664,-2.105864,0.018970734375,0.3777574448756869,0.3780492293100602,0.14862874964161968,8.722048108647401,5.559304195652643,19.92802291345457,OR021
3681,4.409544,-4.226751999999999,0.014818593749999968,0.8597260904284995,0.8594339623661708,0.01647064102867757,6.885321752799461,5.13075372057646,57.99699869403415,OR021
3682,2.514016,-2.761077333333333,0.016099937499999994,0.5373931059199382,0.5373718781949458,-0.6658764335214487,8.589175598192204,4.678354231048863,33.37726486173912,OR021
3683,1.0249706666666667,-0.8847466666666667,0.01461726302083332,0.2593726790035887,0.2596577623408438,0.34781898511583903,2.3646784063918576,3.9473908171527055,17.76377437901784,OR021
3684,3.4346533333333333,-4.838562666666666,0.016011906249999992,0.8076029200549648,0.8073672780159441,-0.8594539515029591,8.433051040423814,4.254139877669782,50.422933123028024,OR021
3685,2.1284,-2.162621333333333,0.012059466145833343,0.4258248771595999,0.4257877167711483,-0.2241921945686118,7.323931172608856,4.998735088320946,35.30734375984478,OR021
3686,0.5149893333333333,-0.5876053333333333,0.014953901041666688,0.18212171697209625,0.1826459635796273,-0.20428861252817515,0.8269661369259267,2.819604240029185,12.213934214939174,OR021
3687,6.583850666666666,-6.098074666666666,0.015141374999999985,1.0618419893272726,1.0614313869032987,-0.125314084572069,13.055789874164626,6.2028038250073765,70.10138688879312,OR021
3688,2.1893306666666668,-2.3120266666666667,0.013697825520833349,0.3915674194308685,0.3916158103237239,-0.01978254465864944,10.7419344453738,5.590506330316149,28.58963342233452,OR021
3689,3.7918906666666654,-3.665856,0.015090023437499985,0.7459204648455199,0.7457088519693722,0.024994244448070968,6.387291230356178,5.084947907822887,49.41734219684661,OR021
3690,3.8085839999999997,-3.767685333333333,0.015910018229166687,0.6928292758905391,0.6926736403937173,-0.3500020803847538,9.70818045534213,5.498381601233146,43.536948255903866,OR021
3691,1.434792,-1.241984,0.013063674479166664,0.2789220116262567,0.2790916947001542,0.36395625301686696,4.8434070824023605,5.140934063055826,21.36395048309237,OR021
3692,3.5398213333333333,-4.396189333333333,0.013725539062500007,0.8117579323483655,0.8114775562977652,-0.41199775618913786,6.690451693022587,4.362192528753591,59.12172575537157,OR021
3693,3.009808,-2.9129866666666664,0.016007015624999982,0.517431219575433,0.5174261604462809,-0.16650991122995445,11.006283518337565,5.816884089130777,32.32496128998321,OR021
3694,0.7895946666666666,-0.8179733333333333,0.01424476041666668,0.2027879132923608,0.2031888083972022,-0.14883565973564647,2.10104070866596,3.886014554124128,14.264108518067241,OR021
3695,4.578146666666667,-4.913682666666666,0.012804471354166654,0.8594064427244142,0.8590821376938154,-0.6220409088155308,10.443081085032944,5.329114022736625,67.09235500099462,OR021
3696,1.4314533333333332,-1.2728666666666666,0.01487320572916668,0.2975864103848995,0.2978126958227525,-0.1835260212029824,6.220288283202112,4.8065557762026465,20.023436859932307,OR021
3697,2.9939493333333336,-2.6600826666666664,0.016015981770833302,0.5978427391317531,0.5977653497820202,0.07730217288156775,4.883264059858631,5.008569557310574,37.32305383055632,OR021
3698,4.428741333333333,-4.501357333333333,0.01285419270833332,0.7556644947324768,0.7554048011027218,-0.42610678480431297,11.337009588543484,5.862739192110459,58.767191238155014,OR021
3699,1.2987413333333333,-1.0016,0.012462127604166671,0.253886918824984,0.2540687394289057,0.23716811388626605,3.6757708765309816,5.11177146882626,20.38726833000479,OR021
3700,3.738472,-3.805245333333333,0.016020057291666674,0.8616041721011767,0.8613323568587808,-0.20373164678584488,6.091610230354256,4.3403361898930015,53.76587244209353,OR021
3701,2.198512,-2.088336,0.012870494791666664,0.4625082295517999,0.4624614705930322,-0.3268051045301998,6.54970063300676,4.753935494735948,35.931910783450604,OR021
3702,0.9782293333333332,-0.8087920000000001,0.01318104947916666,0.2444107860487275,0.2446467572793732,0.2506318975388418,1.9801211402647756,3.9985379091546633,18.560491534915347,OR021
3703,5.901093333333333,-5.726647999999999,0.01647244010416669,1.0364563298359204,1.0360810782736414,-0.28034892075118456,10.197052753019646,5.695590294116715,62.89785069617983,OR021
3704,2.4906453333333336,-2.5048346666666665,0.009066403645833323,0.4605355696429082,0.4603999223505838,-0.098198305893593,8.961117718847301,5.4097431655011565,50.780876335918606,OR021
3705,2.346248,-2.0916746666666666,0.020272455729166663,0.4503318099962074,0.450568159008273,0.2899182641854371,5.2432503320854575,5.207309822256926,22.225632899522157,OR021
3706,4.706685333333334,-4.6632826666666665,0.0155937578125,0.7877761121176333,0.7875457586765241,-0.4725716720714006,12.103947611326527,5.976396014427085,50.50391112559318,OR021
3707,1.1251306666666667,-0.8805733333333333,0.017118002604166658,0.2381455019118197,0.23864392309759264,0.2855472305697354,2.8529408356736616,4.714683919299082,13.941108002840519,OR021
3708,4.6657866666666665,-4.41956,0.011221539062500004,0.8933743253814254,0.8930085085751682,-0.08646902785841386,7.315429331744883,5.224795309185935,79.57986008883691,OR021
3709,2.16596,-2.293664,0.016227093750000022,0.4793321567853584,0.4793727785007483,-0.5237708774794891,7.551116028094063,4.518320808232165,29.541505452924838,OR021
3710,0.956528,-0.9406693333333334,0.01762988802083331,0.2544411722176283,0.25492724474250866,0.1814903214355877,2.125684008369217,3.752160742827425,14.459946906143713,OR021
3711,6.668151999999999,-6.153162666666666,0.013057153645833338,1.1200896583353182,1.1196187457503584,-0.01583064740829605,11.615055883975835,5.955734508116925,85.74753549810906,OR021
3712,2.451416,-2.5398906666666665,0.017213369791666686,0.4857184675128605,0.4857863077371457,-0.038359446430035186,7.080332529584469,5.046284674878975,28.221453069132572,OR021
3713,1.9773253333333327,-1.6918693333333332,0.014995471354166652,0.33722264433162186,0.33739134871982024,0.3948151000281911,6.0190001370323705,5.860628438861848,22.499549414035087,OR021
3714,3.983029333333333,-4.179176,0.018155630208333332,0.8332651522752327,0.8330560506166352,-0.28501600585721565,8.34221049851016,4.781226101635131,45.884171524614295,OR021
3715,1.2152746666666667,-1.0057733333333332,0.01471507552083333,0.2374896357168467,0.2378293108503128,0.31139058519132795,4.3890367927728775,5.109860775030994,16.16228951822901,OR021
3716,3.9438,-3.7017466666666654,0.017203588541666686,0.7853957193089542,0.7852006178486949,-0.10558647261819844,7.127007898671233,5.022665431422208,45.64167620883037,OR021
3717,4.265981333333333,-3.915421333333333,0.01865447395833333,0.6910354100905884,0.6909497735491724,-0.07232808319328214,12.15489412064391,6.1740831195593975,37.039359838957616,OR021
3718,0.916464,-1.0182933333333333,0.01190622656249999,0.2524102375875237,0.25256775044883445,-0.06785283223281906,2.7771298893505616,3.6285867786816217,21.213081165809925,OR021
3719,5.031370666666667,-5.014677333333333,0.01759646874999999,0.9264542425713754,0.9261689363409594,-0.4897874644923829,10.076712116204432,5.432454565518293,52.63379542221843,OR021
3720,2.688461333333333,-2.7577386666666666,0.015194356770833318,0.5229021195643432,0.5228675519980936,0.052938778105304805,6.796125160807577,5.141763574847222,34.41195701036691,OR021
3721,0.753704,-0.6268346666666667,0.013951322916666672,0.22048398303461172,0.2208174639169697,0.06010004942700805,0.4147107568751851,3.4132445261820545,15.827707898092909,OR021
3722,4.4496080000000005,-4.541421333333333,0.016320830729166673,0.9384711937190224,0.9381548192283676,-0.09909710320406502,8.0913454774631,4.742935716793316,57.48205068702829,OR021
3723,1.2503306666666667,-2.0658,0.015101434895833312,0.28174372458992725,0.2820107455630385,-0.7955234464200734,8.466776589788573,4.433627747660337,18.674433754692345,OR021
3724,4.617376,-4.303541333333333,0.01292836718749999,0.8537487663070112,0.8534297246879428,0.13587644239021945,8.154024013279935,5.410376351360796,66.01218176361016,OR021
3725,4.761773333333333,-4.3436053333333335,0.01274822916666667,0.7601108962225306,0.7598466060854087,-0.08501262480690791,12.460590188146082,6.266756073130501,59.60409058790781,OR021
3726,0.90144,-0.886416,0.016614268229166645,0.22904625000675266,0.22953645886603066,-0.1817498441543439,2.516103927239397,3.9272192507166235,13.815622554057198,OR021
3727,4.135773333333333,-5.002992,0.011875252604166673,0.8787915669982707,0.8784426363854534,-0.7382595022485017,7.918748752218635,4.708074451339119,73.97254320950056,OR021
3728,2.665925333333333,-2.726021333333333,0.014968572916666673,0.489884026663005,0.4898735102814238,-0.042607245696531175,8.166496658948398,5.442068773634658,32.726801212691214,OR021
3729,0.7645546666666666,-0.6418586666666667,0.01521880989583331,0.18882444726668493,0.1893448310482792,0.35571316267434594,1.72636079588559,4.037895634297619,12.441500507876054,OR021
3730,4.481325333333333,-4.849413333333334,0.012330080729166668,0.8445758954032867,0.8442534475562359,-0.41872149386040586,9.683067102668923,5.3080332053187504,68.47103973611169,OR021
3731,2.4873066666666666,-2.606664,0.009363101562500007,0.40350367335580456,0.4034152734462017,-0.6252874687078231,13.290988620167685,6.165623441618074,43.08564536583828,OR021
3732,2.9138213333333334,-2.595813333333333,0.01973204166666669,0.5339270551331379,0.5340309514337627,0.23686167378432546,7.350087896847889,5.456278003194994,27.06415080887957,OR021
3733,4.190026666666666,-4.021424,0.014606666666666653,0.7312121811915625,0.7310010046078084,-0.21738019263322989,10.391502255048804,5.731902747404118,50.045710037047634,OR021
3734,1.3880506666666663,-1.3630106666666666,0.010100770833333337,0.28608030630126663,0.2861189323580467,0.14793008415701214,4.108593920531292,4.851306606057343,28.326445286119327,OR021
3735,3.183418666666667,-4.446269333333333,0.015985822916666663,0.7857846309712518,0.7855635219245574,-0.7974205707452999,6.886541849118536,4.052401337154237,49.14126260622695,OR021
3736,2.7460533333333332,-2.7301946666666663,0.00939570572916667,0.4799272320952318,0.4797848430364164,-0.10839691229765606,9.443928973944175,5.72350997158304,51.06426881240455,OR021
3737,0.6860959999999999,-0.558392,0.013108505208333331,0.17167310646674447,0.1720892427758939,-0.1071622595100651,1.6571382142593647,3.986861636049384,13.128059991652856,OR021
3738,4.0907013333333335,-4.9896373333333335,0.011673106770833329,0.8349869714799405,0.8346607942280395,-0.6998217718047767,10.532857908895373,4.901034482057755,71.50288356083067,OR021
3739,2.600821333333333,-2.3596026666666665,0.021769802083333317,0.5457473532250301,0.5459150467704559,0.16401666281891647,6.469054600507095,4.764150299060939,25.076711523638586,OR021
3740,1.3363013333333331,-2.281144,0.00403150520833333,0.3834450356274909,0.3832789640772437,-0.4127914154758005,4.1791004483384135,3.4864979781776477,95.07093362672241,OR021
3741,5.514642666666666,-5.213328,0.009244096354166663,0.9037362974080304,0.9033422117902824,-0.14139978365806125,12.089462681116395,6.1047104792518345,97.72098614951278,OR021
3742,1.6609866666666668,-1.4932186666666667,0.016195304687500002,0.32556415861491905,0.3258079210749602,0.18539702847736006,4.7994007456885655,5.098054894388267,20.117430783900474,OR021
3743,3.1992773333333333,-4.352786666666667,0.0076905078124999875,0.7614213736420048,0.7610883508665988,-0.7671489482731635,7.7903042790462464,4.20355577600227,98.96464179251491,OR021
3744,2.5332133333333333,-2.4455733333333334,0.013640768229166655,0.4570958230909049,0.4570761669622574,-0.2793165102431368,10.324432255274019,5.542212691090741,33.50809567931359,OR021
3745,0.585936,-0.4323573333333333,0.014389848958333312,0.15778577619920464,0.15836384082513566,-0.0016994638665554242,1.1527827315482089,3.6999355215625696,11.005246912854181,OR021
3746,4.901997333333333,-5.235864,0.012091255208333342,0.8913462590534291,0.8909929712842848,-0.6539875547729163,10.65137921853922,5.501723909524845,73.6890385598849,OR021
3747,3.221813333333333,-2.9597279999999997,0.014454242187499987,0.5867047925179943,0.5865963551560784,0.04127008302481143,7.788817357208602,5.492385530551227,40.58298923919832,OR021
3748,1.279544,-1.1359813333333333,0.015047638020833328,0.3411428548599835,0.3413081130070973,0.30103687981110583,1.7727918446984594,3.7489410630370585,22.681839670422637,OR021
3749,2.968074666666667,-3.622453333333333,0.015294614583333331,0.6485618402123814,0.6484254867967779,-0.8933085545092269,9.99897476599358,4.577356576973796,42.395673540108206,OR021
3750,3.3553599999999997,-3.7376373333333333,0.00997442968750002,0.5250165790648511,0.5248549471055802,-0.6783905763314382,15.35563235189461,6.392928214745461,52.620045812075844,OR021
3751,3.1283306666666664,-4.0147466666666665,0.021646721354166627,0.6786978340322679,0.6787116440350475,-0.6384604379690783,8.084854497279112,4.609219090552577,31.354015831335445,OR021
3752,1.9789946666666665,-2.143424,0.018256703125,0.4354092786367074,0.4355793948321241,-0.4400588921868927,7.338037623756957,4.543361532125245,23.858600966987254,OR021
3753,0.7603813333333332,-0.681088,0.015372864583333324,0.1977867082084266,0.19828692390745425,0.17488663143860408,1.8752375878074623,3.834752783235587,12.898501956650904,OR021
3754,4.2317599999999995,-4.650762666666667,0.013981481770833326,0.9497855814591594,0.9494246587939345,-0.3570406609164589,8.019443330354903,4.4571835803966335,67.905868230256,OR021
3755,2.546568,-2.609168,0.021532606770833348,0.6020884336873096,0.6021794757311365,0.010508647184976109,4.153216425609301,4.228918624149525,27.965934739810933,OR021
3756,0.9356613333333332,-0.9331573333333332,0.010840885416666644,0.2516905786163589,0.2518011293376072,0.08394313525794694,1.6118897557313143,3.7158742528069735,23.22698927806129,OR021
3757,3.6541706666666665,-4.072338666666666,0.014528416666666662,0.8031208895606655,0.8028601075143434,-0.3522075134986995,8.274148482326629,4.551441318936604,55.26136301943962,OR021
3758,3.0006266666666668,-3.2351680000000003,0.018333322916666672,0.5518884124682389,0.5519234442737759,-0.5320368855603116,11.914510652775006,5.4366718750548975,30.104932247281102,OR021
3759,2.462266666666667,-2.9505466666666664,0.013661960937499985,0.4965662364076529,0.4965117092900132,-0.7591816105965965,8.7593036838285,4.959131115331771,36.342638627165506,OR021
3760,2.7635813333333332,-2.8061493333333334,0.014367026041666647,0.5246670487052961,0.5246075673226813,-0.4439841392498557,9.474224538681916,5.267902152912481,36.514694537424546,OR021
3761,0.8764,-0.7503653333333332,0.01240425520833332,0.2081086443673178,0.20837653241038184,0.259597931077169,2.6253370562791547,4.2058478940133055,16.798794358116087,OR021
3762,4.902832,-5.217501333333333,0.015562783854166625,0.9624966664006152,0.9621524545189498,-0.59553982809578,8.775092076354419,5.095691412491676,61.8239296731833,OR021
3763,1.614245333333333,-1.5458026666666669,0.014714260416666644,0.4185260256070055,0.4185803207783956,-0.039874985457228035,2.095237941607806,3.856476889146313,28.447255174597522,OR021
3764,0.903944,-0.9899146666666666,0.012689541666666658,0.2404554738414797,0.24067279792715104,0.051988154114366525,1.954891546671209,3.7559043140123127,18.96623252826845,OR021
3765,3.6691946666666655,-4.402866666666666,0.017336450520833314,0.7810595394841737,0.7808705404049997,-0.5628809521731256,9.152371198965763,4.698851444393884,45.042123211243435,OR021
3766,2.8804346666666665,-3.07992,0.0060937187500000045,0.6643652696789475,0.6640687529347958,-0.1505932373354042,6.1079293960387995,4.337554890117669,108.97594394798666,OR021
3767,1.3529946666666666,-1.216944,0.017750523437499967,0.3288622970100729,0.3291806127977405,-0.020317280718328383,2.5249591409568755,4.1101894038273485,18.544839759615737,OR021
3768,2.483968,-2.7402106666666666,0.014505593749999997,0.5594034304513602,0.5593183462047175,-0.4294146410701575,8.558347607605244,4.441062977560254,38.55880399275057,OR021
3769,2.4046746666666667,-3.184253333333333,0.007296812499999985,0.3620509801548771,0.36194771307526813,-1.9831495633747651,24.961296702266267,6.643707308537703,49.603537582371615,OR021
3770,4.352786666666667,-4.987133333333333,0.019660312499999968,0.8646633173050028,0.8644646091095122,-0.18792320151403605,8.577751647511814,5.035239870780235,43.9700340017237,OR021
3771,1.5449680000000001,-1.5299439999999995,0.01661915885416667,0.4286308470874354,0.4287437243313711,-0.16946510521343108,2.6583679254718025,3.6034766512545193,25.79816030965241,OR021
3772,0.5492106666666666,-0.6276693333333333,0.01615291927083332,0.18789660453845586,0.1884982045753536,-0.2492948262567827,0.5624376763048047,2.91361219012097,11.66960605787941,OR021
3773,4.371149333333333,-4.667456,0.007176177083333325,0.9289022821428098,0.9284763384740808,-0.2541858528762547,8.25003326859915,4.707873698232491,129.38314198383813,OR021
3774,2.8779306666666664,-2.934688,0.022631367187500032,0.5981868609434384,0.5983228714064409,-0.23648709561263725,6.210068240801864,4.8099960810485,26.437769598688327,OR021
3775,1.1409893333333334,-1.2277946666666666,0.01272785156249998,0.31634536010407105,0.3164469247304427,-0.14135421643114487,2.2105875471333767,3.605626233546925,24.862556196270308,OR021
3776,4.139112,-4.043125333333333,0.012112447916666687,0.7494219994362687,0.7491539058041385,-0.19496712532062613,10.183540810949363,5.525048949130279,61.84991761849439,OR021
3777,4.688322666666667,-4.355290666666667,0.011094382812499987,0.6758128593756564,0.6755738950347296,0.051616690937323455,18.563923757319827,6.939762920273365,60.893328313276136,OR021
3778,5.482925333333332,-4.4512773333333335,0.016646872395833328,0.8491910200049613,0.8489395047972887,0.41709865338017904,12.538552825927795,6.4585583570440095,50.9969371189375,OR021
3779,1.6576479999999998,-1.6651599999999998,0.012740078125000016,0.33110599190175755,0.3311894107104516,-0.2356424864747816,5.478493042271639,5.005135872080248,25.99586968470425,OR021
3780,0.9448426666666666,-0.9131253333333332,0.009344354166666655,0.20353937800650904,0.2036544574787018,0.012700903661327673,4.5783281961046525,4.639440149575308,21.794385555845217,OR021
3781,3.8277813333333333,-4.283509333333333,0.017314442708333332,0.8496810733505249,0.8494425697472955,-0.5132609619027175,7.9718018653534175,4.506227342093388,49.05976958406315,OR021
3782,2.3946586666666665,-2.485637333333333,0.010988419270833336,0.5526869305333815,0.5525262753776397,-0.2509678180227654,4.936577521738665,4.33401771713023,50.28259859397751,OR021
3783,0.8663839999999999,-0.7737359999999999,0.010334705729166659,0.2277809104475033,0.22790410526851634,0.3683309240654312,1.512381647070689,3.80152871304897,22.052307171681164,OR021
3784,4.968770666666667,-4.769285333333333,0.014711815104166675,0.8372147317837882,0.8369351492942738,-0.2334852429217984,11.389406960266173,5.936864607558265,56.888639734007896,OR021
3785,3.420464,-4.550602666666666,0.01744975,0.7092367377983605,0.7091050815801305,-0.6622935556925916,10.880568889532766,4.823634872814657,40.63697655153401,OR021
3786,1.5741813333333334,-2.621688,0.003928802083333339,0.4597490242062618,0.4595412773015846,-0.8861004315665003,4.7659029165409645,3.4255493708353875,116.96727591624901,OR021
3787,2.744384,-2.1526053333333333,0.013813570312499994,0.44743883045554017,0.4474335843899302,0.19722196448579365,8.197373960187825,6.133611994597883,32.390871749141105,OR021
3788,0.95152,-1.832928,0.010051864583333335,0.2735558388788361,0.2736069408165663,-0.6851146517063619,6.82624496443963,3.4776895540743085,27.219521169258968,OR021
3789,4.886973333333334,-4.923698666666667,0.009707075520833334,0.9839989093515076,0.983566225790726,-0.05700948978940935,8.678365303787176,4.968626621358935,101.32467020368752,OR021
3790,2.1392506666666664,-2.310357333333333,0.014560205729166675,0.4848304268121666,0.4848123255884194,-0.3763486628159319,5.594049710157837,4.412533580020363,33.297079354947186,OR021
3791,0.7862560000000001,-0.6643946666666667,0.012329265624999988,0.17385468203120874,0.1742066135758214,0.4159797924459381,1.6047489511761683,4.513353332924936,14.129520676607337,OR021
3792,4.128261333333334,-4.284344,0.009359026041666644,0.8007530826264495,0.8004167123809709,-0.2489029625036919,9.229558911788112,5.157640101058289,85.52350520422674,OR021
3793,3.276901333333333,-3.650832,0.011735054687499993,0.7424504730960779,0.7421806406264128,-0.2941047596243262,7.473684181440567,4.415234181489258,63.24475346646425,OR021
3794,1.4180986666666666,-1.5791893333333331,0.016190414062499985,0.38435308172903104,0.3845063796727912,-0.24130822170030886,3.202572150518232,3.68810178877512,23.74901458285613,OR021
3795,2.9463733333333333,-2.270293333333333,0.011165296874999998,0.4804982949353127,0.4803933886889676,0.2348624216247344,7.678486306168279,6.133251211833336,43.025581322840345,OR021
3796,4.0873626666666665,-5.110664,0.0032449296874999976,0.5506819836268475,0.5504225953300121,-1.69093667635546,31.749747218380328,7.425862784968051,169.62543054486832,OR021
3797,4.203381333333333,-4.260973333333333,0.024059429687500012,0.734505471421785,0.7345408701420174,-0.2376493501298489,10.252004296572624,5.722460797206074,30.53026940716077,OR021
3798,2.1743066666666664,-1.9965226666666664,0.011171817708333328,0.5144932563260478,0.5143633161384378,-0.053350417998988216,3.1146234838662057,4.227180668695792,46.0411483222432,OR021
3799,0.7069626666666666,-0.7879253333333333,0.011880958333333323,0.2046166582876875,0.20486153207373325,0.130564188819491,1.51740726595526,3.450929315574085,17.24284576429932,OR021
3800,3.953816,-4.100717333333333,0.017106591145833325,0.7998973865481207,0.7996897053172448,-0.33037359566494223,8.225412464903684,4.944187693939966,46.747461168616645,OR021
3801,3.2193093333333334,-3.442165333333333,0.01368885937500001,0.6671299589023301,0.6669446271644505,-0.3988536872844486,7.022833125796336,4.826951447259412,48.72170930344224,OR021
3802,1.5441333333333331,-1.5867013333333333,0.00927670052083334,0.3170134297227036,0.3169943685508926,-0.2266161295875738,5.443719993203132,4.871169605921333,34.171025338049446,OR021
3803,3.037352,-2.488976,0.011269630208333329,0.5146856989155032,0.5145577523372218,-0.015210747029338396,7.88258038702857,5.9028398390729775,45.65879650218976,OR021
3804,4.285178666666667,-5.010504,0.03137498958333333,0.7165778127198553,0.7169147108741096,0.0981828637642166,15.832601198944984,5.977250294448407,22.849878849200987,OR021
3805,2.721013333333333,-3.8102533333333333,-0.0029457864583333424,0.5688827508089881,0.5686125387847105,-1.5774758232116424,12.472822670894567,4.785355840286122,-193.0257154846242,OR021
3806,1.708562666666667,-1.618418666666667,0.015101434895833332,0.4630338775467106,0.4630540462287452,-0.17553806189993668,2.4422270545876907,3.689769435299676,30.66291709515017,OR021
3807,0.6493706666666667,-0.7904293333333333,0.016762617187499995,0.1936376550433884,0.1942676248014043,-0.08694159982771138,2.0526842152388785,3.34266024681418,11.58933731101794,OR021
3808,3.9095786666666665,-4.221744,0.010695796874999986,0.8386532985480439,0.8383119350201793,-0.30382497636526745,7.628282101920824,4.663632358487844,78.37769778328745,OR021
3809,4.024762666666667,-3.767685333333333,0.016632200520833352,0.8207651483539763,0.8205328708936946,-0.136509380989506,6.192695102272098,4.9050596379923705,49.33399341030685,OR021
3810,1.3788693333333333,-1.3763653333333332,0.0163192005208333,0.3318545306014252,0.3320936606869805,0.14592208487721467,3.036082052728151,4.152049546748216,20.34987316094471,OR021
3811,3.140016,-2.791125333333333,0.014512114583333296,0.5340415969010379,0.5339780076445872,-0.22989681272736226,8.823531567397406,5.880421955673458,36.79532741960596,OR021
3812,3.919594666666667,-4.512208,0.0020483567708333068,0.8102239969615582,0.8098308736658426,-0.38930645029647415,9.863513656819855,4.840016346776122,395.356358422068,OR021
3813,1.6943733333333333,-1.8087226666666665,0.02708509635416668,0.3928190145593735,0.3935602754735628,0.1279707604797359,4.0524262636630715,4.305244809818596,14.530510444834313,OR021
3814,1.6860266666666666,-1.6718373333333332,0.01611542447916664,0.39960460802056813,0.3997344223415455,-0.3705063444815223,4.14636918679998,4.217867094833462,24.80446126990361,OR021
3815,3.0081386666666665,-2.564096,0.019771981770833356,0.3404557869070378,0.3408634339479241,0.4744399075869908,30.752755413834528,8.82505533616797,17.239720221204582,OR021
3816,3.7668506666666666,-4.819365333333334,0.00806138020833333,0.762152493493097,0.7618229105615331,-0.8611308948527739,11.933119491022358,4.9445226895186885,94.50278871278273,OR021
3817,3.3678800000000004,-3.1358426666666666,0.017207664062500003,0.7199416142013799,0.7197957096725962,-0.15132934574465276,5.63546186086127,4.678938697108799,41.82994897263361,OR021
3818,1.449816,-1.2119360000000001,0.010317588541666657,0.303696598054237,0.3037235689867378,0.32817038248125185,4.4229952921626685,4.773472157056427,29.437456994934173,OR021
3819,2.997288,-3.2468533333333336,0.01637625781249999,0.6065414661592665,0.6064663732821869,-0.4355519945301339,8.482724270952453,4.942216307523734,37.033269763209965,OR021
3820,4.4521120000000005,-4.154135999999999,0.02256534375,0.9008801523757805,0.900722865346942,0.048951241067301934,8.291910195980726,4.942821117664342,39.91620403952154,OR021
3821,1.0642,-1.6351120000000001,0.005253346354166671,0.35226628911904784,0.3521334306120396,-0.4330865981895417,1.9940144196729743,3.0221498656072634,67.03030922999136,OR021
3822,1.8337626666666669,-1.7544693333333334,0.015055789062500003,0.33571269295987266,0.33588633116472416,-0.06329414158588621,6.942842194245842,5.459473924728899,22.30944720136445,OR021
3823,5.084789333333333,-4.571469333333333,0.010367309895833334,0.7430321690248617,0.7427416295623328,0.35083327172557865,20.770760822386904,6.845973257658375,71.64265725874017,OR021
3824,4.912013333333333,-5.017181333333333,0.01623524479166666,0.7572167639391187,0.7570210512694174,-0.3024718191254113,16.171470713186363,6.48860863921364,46.62824989605247,OR021
3825,2.994784,-2.794464,0.013197351562500013,0.6079889670610437,0.6078353126116608,-0.01828945174050893,6.182794096933866,4.926966133527905,46.05737065751977,OR021
3826,1.4832026666666664,-1.1702026666666667,0.014434679687500009,0.2693326488126949,0.2695878257200268,0.4206505225237213,5.172933413005693,5.50174201192233,18.676398199087274,OR021
3827,3.841970666666666,-4.0865279999999995,0.016366476562499985,0.7151901709130781,0.7150282045875255,-0.457900303280184,9.327438535374297,5.37317359233817,43.68858513052516,OR021
3828,3.6691946666666655,-4.107394666666666,0.010581682291666679,0.7626304742088151,0.7623314491247943,-0.22565610992406954,7.904080937323275,4.81312252154773,72.04255695005588,OR021
3829,1.0383253333333329,-1.106768,0.02016404687499998,0.3042213253162665,0.3047405816490801,0.05687023255589928,1.2496317871390248,3.4072433927720285,15.11306651577502,OR021
3830,2.826181333333333,-2.6208533333333333,0.017528815104166654,0.4834398040863677,0.483521527093424,-0.2064547707387468,10.817465015282862,5.844995879133362,27.584381729172865,OR021
3831,4.4137173333333335,-5.0246933333333335,0.006990333333333332,0.8192936634347457,0.8189233552869127,-0.8214062268987626,13.637293993163706,5.389658635131943,117.15083047354625,OR021
3832,1.857968,-1.8412746666666664,0.021478809895833343,0.3860356182618191,0.3864444424247903,-0.28637019103634376,5.958597315976231,4.8078528140862,17.991892674638194,OR021
3833,2.587466666666667,-2.198512,0.013443513020833341,0.5750687832120804,0.5749451106317974,0.0017521693534507078,3.7252761961680956,4.500371633430092,42.767475267871426,OR021
3834,1.6668293333333335,-1.57752,0.01979888020833333,0.2742008831968409,0.27478117849276906,0.16380169823728405,7.459076039876787,6.066024399765054,13.878622204962573,OR021
3835,2.9129866666666664,-4.040621333333333,0.009829341145833335,0.6531116998157835,0.6528667175400186,-0.9185384444276684,10.431070637577923,4.461839742180012,66.42019112509583,OR021
3836,5.9319760000000015,-5.428672,0.014690622395833325,1.0585204596538036,1.0581054641387198,-0.01964709092739507,9.248945901199699,5.606223766010443,72.02591119889027,OR021
3837,1.326285333333333,-1.610072,0.0140874453125,0.3421361978632806,0.3422591421036013,-0.3791607357029581,2.9323305282009766,3.8750910353531727,24.29533066580281,OR021
3838,3.0941093333333334,-2.815330666666666,0.008961255208333331,0.5260724770179191,0.5258918988732243,-0.14206567962879338,10.4118080014026,5.883546295280019,58.685071080687685,OR021
3839,4.259304,-5.038882666666667,0.02843001822916664,0.8451631606110273,0.8452286522868998,-0.8162283398653278,11.45908555800276,5.03923286139884,29.730148094656204,OR021
3840,1.7511306666666666,-1.735272,0.0042124583333333345,0.3392048750799813,0.339065375486015,-0.6661814626591844,4.993870537464798,5.164581208436877,80.49109300452388,OR021
3841,2.7226826666666666,-2.508173333333333,0.013601643229166665,0.5976628797889574,0.5975258099486576,0.0580266821619598,3.496378777548013,4.5565942446914764,43.93041339794547,OR021
3842,2.8361973333333332,-4.211728,0.01658410937499999,0.4507833566503097,0.4508683004094557,-1.7999058029920292,27.402488455972193,6.29052282175891,27.18676597063,OR021
3843,4.7358986666666665,-4.896989333333334,0.011789666666666658,0.7180465823889468,0.7177927165886178,-0.39590043842259454,17.184446387266966,6.597863919788018,60.88320703909793,OR021
3844,5.334354666666666,-4.851082666666667,0.01116203645833332,0.9430627432084004,0.9426682374488916,0.04492376663220243,8.98748229822113,5.658782649877793,84.45306920182269,OR021
3845,1.2837173333333334,-1.40224,0.015657335937500003,0.2882114696137889,0.28849590012731713,-0.32685525957150124,4.830058705128176,4.4496900398474,18.4256058169102,OR021
3846,2.8854426666666666,-2.4597626666666668,0.015139744791666672,0.5067854193471361,0.5067641080042267,-0.1491409871877248,7.077870332543317,5.693857597828536,33.47243397941315,OR021
3847,4.098213333333333,-4.698338666666666,0.004969690104166664,0.9008292524767072,0.9004030019777605,-0.2764842296124377,7.964304538574457,4.551532285356104,181.17890313177654,OR021
3848,0.9481813333333332,-0.8897546666666666,0.016593890624999982,0.2648196189203147,0.2652099206273003,0.06472771410002004,0.7034029086356348,3.5752106523413696,15.982383313274404,OR021
3849,2.2953333333333332,-2.050776,0.014046690104166643,0.5548810767195528,0.5547879252808563,-0.058859134295062336,2.682575043986981,4.137316673161806,39.495989529682205,OR021
3850,4.16916,-4.762608,0.014871575520833319,0.7067633390354058,0.706574676955452,-0.9227388092582186,17.254317700971335,5.900522812343666,47.511756637057346,OR021
3851,2.621688,-3.3787306666666663,0.007915476562499994,0.43116041455549603,0.4310225232638261,-1.4290961949810908,14.557690215673494,6.082484924796567,54.45313618965395,OR021
3852,4.643250666666667,-4.240941333333333,0.015987453124999985,0.8574911509742719,0.8572214503657458,0.09395059092263686,7.918926493183321,5.416629115715148,53.61838709789785,OR021
3853,1.3429786666666663,-1.3680186666666667,0.010794424479166677,0.29741065609228506,0.2974613218188465,-0.4488853790313754,4.961717903838913,4.514800978005934,27.556941307334103,OR021
3854,3.703416,-3.4179600000000003,0.010590648437499996,0.6675178882968195,0.6672759220769924,-0.053117207459671016,9.39741718635934,5.550051901277338,63.0061441482905,OR021
3855,3.540656,-4.0965440000000015,0.01749295052083333,0.8512520115385704,0.8510160656500926,-0.44075605228468456,7.577758045631287,4.160504299405074,48.64908664988047,OR021
3856,0.9323226666666666,-0.8997706666666666,0.011055257812499974,0.2841916063328956,0.28426785940883664,-0.08241175049102024,1.015380894656225,3.2797329554087638,25.713363200577763,OR021
3857,2.504,-2.601656,0.011155515625000008,0.5074750355218286,0.5073498419984039,-0.1358416118811886,5.325899651299885,4.9354504381768916,45.47973030143137,OR021
3858,3.919594666666667,-4.725882666666667,0.015906757812499964,0.7522739223940734,0.7520747481876247,-0.9347435348371068,13.643418802939582,5.211708910732929,47.28020361236806,OR021
3859,1.4281146666666666,-1.4756906666666667,0.010524624999999987,0.3099637186297519,0.3099910464963062,-0.5521747046404931,4.50395647716635,4.6069545646818675,29.453880446695877,OR021
3860,4.234264,-3.803576,0.014107822916666662,0.8075878868991881,0.8073167367482696,0.09484524654957883,6.593085099646356,5.244860916738668,57.22475689672318,OR021
3861,3.2360026666666664,-3.4838986666666663,0.010016815104166677,0.475607177963198,0.4754804136249917,-0.4314369470038196,15.563428471567779,6.805753873216071,47.46822305097824,OR021
3862,3.374557333333333,-3.642485333333333,0.017052794270833338,0.5825540440169248,0.5825191814392672,-0.09737455780380964,10.693932271938511,5.79304071154464,34.15974955116846,OR021
3863,3.613272,-4.759269333333333,0.008818611979166646,0.8067626426898805,0.806416839027147,-0.6338612002451994,8.725301557351216,4.480650483885002,91.44487147549415,OR021
3864,1.0207973333333331,-1.1301386666666666,0.012326820312499992,0.2921629562010403,0.29228031902312024,-0.08423033140238559,1.6192063933665004,3.492528462898609,23.71092557638192,OR021
3865,2.806984,-2.703485333333333,0.016756096354166663,0.5023452734327609,0.5023794424563813,-0.16864099894368262,8.707097814645884,5.587378309660259,29.981890282664608,OR021
3866,4.589832,-5.137373333333334,0.009600296875,0.8354706614954154,0.8351178002722546,-0.8043005463059668,12.886122866399964,5.496029420644226,86.98874744665169,OR021
3867,0.6819226666666667,-1.2177786666666668,0.01435316927083331,0.24653214760738626,0.24682941408782175,-0.5840209279525627,2.06365536359376,2.7627285394115906,17.196858020019118,OR021
3868,3.3770613333333332,-3.264381333333333,0.016072223958333322,0.7188475448728636,0.7186761986428297,-0.04229247846431096,4.996590884428113,4.699002610230698,44.71541713865937,OR021
3869,4.108229333333333,-3.670029333333333,0.025308984375,0.6184435932734568,0.6186594495129952,0.27619679621590704,14.149594251072614,6.6405343627537015,24.444262177667703,OR021
3870,2.8387013333333333,-4.189192,-0.0013514427083333284,0.497983580416154,0.4977421996632229,-1.3998622288599396,18.656060447625336,5.7031558410237775,-368.3043288435552,OR021
3871,3.613272,-4.324408,0.01510877083333332,0.7944579508152503,0.7942136614457532,-0.348123208672986,7.540522485147727,4.5494961562642375,52.56639803507647,OR021
3872,1.05168,-0.8839119999999999,0.01412738541666667,0.2424862014417272,0.24277915780621945,0.0309445512372634,2.122201917235216,4.33183807664176,17.185002790382054,OR021
3873,3.3528559999999996,-3.0982826666666665,0.007066138020833345,0.5619257590779041,0.5616957620466683,-0.057286365097129525,10.22525290357552,5.969167343871519,79.49119595323509,OR021
3874,6.825904,-6.2925520000000015,0.02054714583333334,1.1038914987227255,1.103543660259341,-0.14484988402904286,13.514398560850632,6.185440817444287,53.70788085170827,OR021
3875,1.0859013333333334,-0.9323226666666666,0.008949028645833341,0.27410092436244204,0.2741131726560192,-0.24707292730128866,1.6520919247253811,3.961507295732977,30.630494493237094,OR021
3876,3.529805333333333,-3.3879120000000005,0.00932153125000001,0.7365702886755197,0.7362695572932548,0.02765784879716695,4.344670395504521,4.794175310344142,78.98590237448961,OR021
3877,4.549768,-4.804341333333333,0.010793609375000018,0.7629472104007348,0.7626509700470422,-0.5645500128741459,13.700311585742655,5.965727677130418,70.65764041947655,OR021
3878,2.473952,-1.3588373333333332,0.016976989583333317,0.34085196707524235,0.3411082299522438,1.2427472268823578,10.398353353449432,7.2526892721010014,20.092386125224298,OR021
3879,3.5156160000000005,-3.9379573333333333,0.013227510416666664,0.8194796016297418,0.8191861675346525,-0.45886587770768605,5.9473273891351575,4.291595902528818,61.93048742584832,OR021
3880,2.073312,-1.80288,0.015909203124999983,0.3741703392956032,0.37432582523857694,0.015089355400464282,5.20337878405676,5.538789632477462,23.52888590946175,OR021
3881,3.7067546666666655,-3.43048,0.011732609375000006,0.5778451575493773,0.5776820934553523,-0.13421518030777027,14.211464139428909,6.416599559967411,49.237307319400294,OR021
3882,4.304376,-4.997149333333334,0.013375859374999998,0.8558944522251309,0.8555809961164305,-0.8312858743909259,11.074241228642602,5.030939232565943,63.96456273423035,OR021
3883,1.6092373333333334,-1.4014053333333332,0.01282321875,0.3171736327037548,0.3172779647250055,0.20046653709326454,3.9305051979842034,5.072011019511263,24.74245904328861,OR021
3884,2.393824,-2.34124,0.015474752604166662,0.6191202078673447,0.6190112872559407,-0.03325088191889982,2.9142660410879406,3.8671734252403587,40.00136888064165,OR021
3885,5.403632,-5.265912,0.018687893229166683,0.8471885743977874,0.8469809981482309,-0.3382656849993806,14.968457701730948,6.379873942643403,45.32244420287707,OR021
3886,1.2728666666666666,-1.109272,0.011212572916666651,0.2522877265757794,0.2524136712837017,-0.3194071532602007,2.6879446100550344,5.0427802115204035,22.51166375101183,OR021
3887,5.361064,-4.785144,0.019457351562500013,0.9671519036182818,0.9668753453429786,0.14233925931147615,8.627414014595633,5.544731309803205,49.69203245555933,OR021
3888,2.4789600000000003,-2.595813333333333,0.019532341145833347,0.4388589956874749,0.4390793176928967,-0.1108066743310261,8.285325242702429,5.645813638013004,22.479605205265493,OR021
3889,3.391250666666666,-3.152536,0.010278463541666656,0.4893160112607164,0.4891850234567156,-0.27092885905568553,16.587730452527328,6.932449899433059,47.593205100515846,OR021
3890,4.648258666666667,-5.1357040000000005,0.01836266666666667,0.8858523766744029,0.8856101165675669,-0.6729475466461642,10.390277693636927,5.248651274086966,48.2288402138887,OR021
3891,0.7495306666666667,-0.78876,0.017393507812500004,0.2168081791358923,0.21739921013156047,-0.15172214927445365,1.3285737461543574,3.447715684951585,12.498870985375627,OR021
3892,2.9981226666666667,-2.9705786666666665,0.01857051822916668,0.5632720525050654,0.5633031422047486,-0.049724500867003814,6.506993738636826,5.32239648962745,30.333194542736567,OR021
3893,4.605690666666667,-4.98296,0.010449635416666669,0.7907334536458533,0.7904163363173793,-0.7376828451060103,12.86297480260138,5.826917353612647,75.64056589540944,OR021
3894,0.6343466666666666,-0.6869306666666667,0.021098156250000003,0.21793440933429345,0.2188473365975952,-0.18360335559366628,0.4395223608505772,2.8985807025518864,10.372818079664908,OR021
3895,4.15664,-3.840301333333333,0.013202242187500015,0.8605237686706355,0.8602048069996456,-0.017416255670473387,5.66495714106995,4.832151559926952,65.15596326615596,OR021
3896,2.924672,-2.933853333333333,0.013892635416666648,0.5573956776063149,0.5572966342865451,-0.5537393243733459,9.891126448787276,5.247962790488023,40.11453677233696,OR021
3897,1.1000906666666666,-1.16436,0.02462592708333329,0.2877625161619027,0.28867427235921983,0.0716411588912219,1.9225128397631661,3.810837237679908,11.72237176624279,OR021
3898,4.245949333333333,-5.046394666666667,0.020076830729166682,0.8660954924816742,0.8659052724157911,-0.7479906196290559,9.317046838785302,4.9034801710902505,43.12957976767939,OR021
3899,1.034152,-0.9857413333333334,0.015445408854166662,0.22018508809347692,0.22061887608477587,-0.23663645236362815,2.739527300688919,4.687504615890676,14.283783496301568,OR021
3900,2.703485333333333,-2.6675946666666666,0.016176557291666654,0.5002592167955295,0.5002764947133396,-0.09817425864278914,7.815799809549277,5.403982321580871,30.92601755078361,OR021
3901,3.6007519999999995,-4.253461333333333,0.02151793489583334,0.7774030375375588,0.7773212420831297,-0.6594322887417409,9.915381499475297,4.632257302464045,36.124342128837256,OR021
3902,0.5500453333333333,-0.7353413333333333,0.012572166666666641,0.20646124362435606,0.206743022375874,-0.2869821782649562,0.5132324298137201,2.6605267109489703,16.444502197383727,OR021
3903,3.927941333333333,-3.71844,0.016548244791666673,0.7985782922217846,0.7983597889786722,-0.10657348823656787,6.06715009852609,4.920013993137455,48.24437872593644,OR021
3904,4.554776,-4.337762666666666,0.020823466145833303,0.7290534149320804,0.7289948128474052,-0.2701126913377275,13.600949408701231,6.248022509528358,35.00833183784219,OR021
3905,1.3312933333333332,-1.2954026666666667,0.010953369791666669,0.27775308404721305,0.2778334273614118,-0.2590417838216392,2.759695910449888,4.791696038797944,25.365109792311372,OR021
3906,4.531405333333334,-5.053072,0.011442432291666658,0.9178514872612415,0.917474563966398,-0.11537940007842105,7.7611682867241525,4.938998323553843,80.18177784058905,OR021
3907,2.3729573333333334,-1.7018853333333337,0.014907440104166675,0.3777665888078136,0.3778762555435366,0.3333350863502032,6.202433365925598,6.279720671837598,25.34816527204553,OR021
3908,1.8037146666666664,-1.3529946666666666,0.0179860885416667,0.3308279995676663,0.3311552244516324,0.2215101776041052,4.255473755175443,5.446734743966306,18.41174214640809,OR021
3909,4.801837333333333,-5.1690906666666665,0.01037220052083333,0.8512056889506604,0.8508531823926506,-0.7480557079124328,12.246352874427574,5.643555707026065,82.03207995098526,OR021
3910,0.6794186666666666,-0.7545386666666666,0.01833332291666665,0.2047401455070035,0.20545973291546554,-0.212139197361294,0.9179703556481859,3.3068215217928225,11.206900890219087,OR021
3911,3.579050666666667,-3.485568,0.014698773437499991,0.7380491196149346,0.7378350812986744,-0.014385893564998722,5.0962950375780585,4.85074613200436,50.19705109654152,OR021
3912,3.5464986666666665,-3.6474933333333333,0.009052546874999987,0.6506087861914466,0.6503540346481695,-0.4020250028075743,10.312992015660646,5.453181617586584,71.84210627444781,OR021
3913,0.8371706666666666,-0.8463519999999999,0.01811405989583336,0.2479954199214793,0.2485352835844357,0.011772702763804084,1.4825368103344785,3.368417773898296,13.720573135656045,OR021
3914,3.6917306666666665,-4.9537466666666665,0.016738979166666657,0.7897786494111736,0.7895703751548827,-0.7695110988413378,8.70023272847687,4.675619530358512,47.169565556733716,OR021
3915,3.4997573333333336,-3.3553599999999997,0.010221406249999994,0.5405783844286559,0.5404110388312847,-0.24153405119070245,14.827659199653061,6.476102599425159,52.87051757983742,OR021
3916,2.67928,-2.196008,0.01960407031249999,0.34596458167170085,0.34635086995943803,0.6838538580733371,14.735014874945776,7.735739195093624,17.667293803705498,OR021
3917,6.5020533333333335,-6.0404826666666676,0.021455986979166668,1.0634713409034002,1.0631684664938488,-0.11420375920412948,13.136081149770513,6.115731926075663,49.55113309521318,OR021
3918,0.681088,-0.7912640000000001,0.013326138020833322,0.2013040443133918,0.20164654883853814,-0.6462836056811756,2.079975243770056,3.3776328130731312,15.131656937913704,OR021
3919,2.726856,-2.499826666666667,0.013774445312499993,0.6395661225924208,0.6394021447215302,-0.03132190055603519,2.419513069439396,4.264696361297927,46.41944776834589,OR021
3920,5.251722666666667,-4.8752879999999985,0.020973445312500002,0.8597753723820091,0.8596113586923025,-0.12515887715311125,13.003985976080944,6.109415160190452,40.985701008311736,OR021
3921,0.92648,-1.0942479999999999,0.012929997395833323,0.25308578218847544,0.25329241361299404,-0.17065706434176428,1.5407335062097491,3.6577487133727207,19.589517759270176,OR021
3922,3.5056,-4.285178666666667,0.014946565104166675,0.8302222784527414,0.8299513944557027,-0.5506109255139552,5.936097666207516,4.223861810966697,55.5279014724484,OR021
3923,4.01892,-3.7910559999999998,0.014662093749999985,0.6511890498631886,0.6510361334687531,-0.16527568701586512,12.615258312138145,6.173113585242946,44.40267158084117,OR021
3924,1.404744,-1.0508453333333332,0.02031239583333334,0.272886284695425,0.27350831101362844,0.41089482203836303,3.710708479070425,5.136019431343731,13.465093593971414,OR021
3925,4.077346666666666,-5.259234666666667,0.010448005208333326,0.8855794564837154,0.8852085994087934,-0.6866642749253038,9.169783405921775,4.6060856948179385,84.7251299896703,OR021
3926,1.5733466666666664,-1.5424639999999998,0.01683190104166666,0.2680738855361751,0.26847111892035463,-0.38761328867866507,7.989791896719326,5.860394492315651,15.95013648522325,OR021
3927,2.20352,-2.291994666666666,0.02160515104166668,0.5523201361982912,0.5524729926925909,-0.018031979170236474,3.076882962672564,3.9884664574474336,25.571355258156604,OR021
3928,4.4496080000000005,-4.337762666666666,0.010423552083333338,0.8115491121924333,0.8112197212806825,-0.19558351238914146,10.0824587843081,5.485083613321617,77.82565048797294,OR021
3929,0.7637200000000001,-0.6543786666666667,0.0207582578125,0.21916237564648536,0.22003669187879848,0.041560635996406636,0.9180975716549344,3.4708756684120465,10.599959489196582,OR021
3930,3.1759066666666667,-3.1976080000000002,0.012890872395833345,0.7173962463731604,0.7171617347637324,-0.42851527585818144,5.1963748171833215,4.428438541430216,55.63329716889735,OR021
3931,3.006469333333333,-2.6300346666666665,0.017801059895833332,0.5243734693771263,0.524419574516668,-0.06151145498983032,7.464922917417137,5.732946441032926,29.46001966093144,OR021
3932,0.8805733333333333,-1.0884053333333332,0.011470145833333315,0.2305716840792783,0.2307443357007323,-0.2468657984256337,2.649536200485879,3.816229467385096,20.116948734005426,OR021
3933,4.011407999999999,-5.260904,0.0207778203125,0.8718844865801549,0.8717063209457879,-0.7320963515026431,9.373464877898328,4.601788358776248,41.953694267986656,OR021
3934,1.6484666666666663,-1.46484,0.016774028645833328,0.3319322046904633,0.3321938588824532,0.2937798787158351,4.366371403150184,4.962363459132988,19.80405935249015,OR021
3935,2.055784,-1.6084026666666664,0.011646208333333323,0.4328982584055615,0.43284353709582507,0.14460605597289888,3.3033418223909483,4.749485261564343,37.166047927973025,OR021
3936,4.1633173333333335,-4.379496,0.016184708333333343,0.8446146401009085,0.8443572590242256,-0.2679887072502564,9.186915838959656,4.930753290549827,52.17006334832881,OR021
3937,0.8880853333333333,-0.6702373333333334,0.02067022656249997,0.2186770927469524,0.21954550840554327,0.255369498455959,1.690564676208102,4.045108186375951,10.621340203587504,OR021
3938,3.014816,-3.0740773333333333,0.018661809895833357,0.7178181867263582,0.717710265963837,-0.2848659019675424,4.296355097155703,4.200603144433643,38.458770610672715,OR021
3939,2.15344,-2.431384,0.014226013020833338,0.4847050029260604,0.484677095342417,-0.6828098766330767,8.037128622888629,4.443040574217,34.06977728985837,OR021
3940,0.7236560000000001,-0.7553733333333333,0.018719682291666654,0.21237504237120605,0.21309514089704293,-0.1264717306937825,1.2562947388647094,3.3959291467356123,11.383480636949987,OR021
3941,4.722544,-5.0973093333333335,0.012988684895833337,0.9234206693213848,0.9230610586647858,-0.6169750587423718,9.055881079264328,5.1161772622400425,71.06655262388391,OR021
3942,2.4455733333333334,-2.382973333333333,0.013547031249999984,0.4588966174428833,0.4588725063267089,-0.20893397915634287,8.328612148817758,5.32952682850894,33.872550956631876,OR021
3943,1.5324479999999998,-1.231968,0.02094084114583331,0.3090289492701006,0.3095870631642408,0.08134011993084644,3.275154376846828,4.949974279729551,14.783888622632556,OR021
3944,3.6191146666666665,-4.026432,0.014552054687499991,0.7603708468364547,0.7601387859492108,-0.5770899351816269,8.951205396709035,4.761123538969739,52.235839011940996,OR021
3945,0.903944,-1.106768,0.012263242187499988,0.21703271027352344,0.21727306602862467,-0.2001576582791229,2.9052045507668627,4.160405228878712,17.717424373310724,OR021
3946,4.427072,-4.103221333333333,0.01758668750000001,0.8623562725252306,0.8621144955818979,0.08391649626806015,6.084982398873638,5.135132308629003,49.02085714446779,OR021
3947,2.67928,-2.793629333333333,0.01713838020833334,0.5335519820107781,0.5335667118555014,-0.5698483442080026,9.084847604632088,5.021452688985576,31.132855343940896,OR021
3948,0.8254853333333333,-0.6426933333333333,0.01312073177083332,0.20268535952071046,0.20301081265670246,0.18287752486012665,1.8167215576849305,4.0662136293659135,15.472522127766116,OR021
3949,3.716770666666666,-4.203381333333333,0.016715341145833316,0.8146948640084821,0.8144685091938492,-0.389600810003625,6.845616163847422,4.5634307830335645,48.72580835102334,OR021
3950,2.9438693333333332,-3.0198240000000003,0.016449617187500012,0.5411567496958004,0.5411425234684341,-0.01605436136913313,9.204830172274647,5.440099799336974,32.89696758898716,OR021
3951,0.8087920000000001,-0.7578773333333333,0.01211163281249998,0.2482214803607145,0.2483957027293264,-0.005064650540942833,0.5512229653693512,3.2560627704631844,20.508853477870144,OR021
3952,6.208250666666667,-5.910274666666666,0.01882564583333337,1.1062964161373643,1.1059163433561308,-0.018896731523246682,10.283711408406488,5.613671146071005,58.74520073026953,OR021
3953,1.262016,-1.161856,0.017470942708333353,0.256633334527285,0.257102285424957,-0.07841759142015252,4.4123176952787055,4.9086144758069725,14.715993848593152,OR021
3954,2.4455733333333334,-2.5824586666666667,0.011113945312500002,0.5081816093497805,0.5080549891635814,-0.3495074775561574,4.970038337846857,4.813599680143911,45.71328856478762,OR021
3955,2.756069333333333,-3.003130666666667,0.01475420052083335,0.5834655962968415,0.5833672387702002,-0.5677631386477724,8.658433863603346,4.724415685638121,39.539061296236895,OR021
3956,0.8797386666666667,-0.816304,0.01695742708333332,0.21465624755340468,0.21522049525825454,0.33045583279642,2.5215712173801346,4.0876156595170965,12.691813103521168,OR021
3957,3.589066666666666,-3.811088,0.01572417447916665,0.8914970638433677,0.8912003842242573,-0.18060975302546967,5.343689144589337,4.027227467805412,56.67708568135203,OR021
3958,2.306184,-2.27864,0.009597851562499985,0.4532167913143444,0.4530971059435534,-0.22542265329765934,7.339998035007081,5.0898228431573855,47.208180184184215,OR021
3959,0.7269946666666666,-0.5942826666666666,0.01885009895833335,0.21863065267718748,0.21933538122258234,0.028252189398793124,0.4484231192014905,3.3145344021305423,11.635768157366483,OR021
3960,5.697434666666666,-5.703277333333332,0.011475851562500012,1.0328859442383596,1.0324452624601441,-0.2783607723586361,9.72806856900657,5.5183890844640375,89.96676689631441,OR021
3961,1.4247759999999998,-1.3162693333333333,0.015826877604166654,0.3150036497122687,0.31524734372749763,-0.24294258757308926,5.243607028231223,4.519549580191192,19.91847991826917,OR021
3962,2.7819439999999998,-2.4981573333333333,0.017129414062499994,0.5791951013701375,0.5791655875644204,0.008641508400925127,4.970315821311358,4.803365496384168,33.81117330991137,OR021
3963,4.403701333333333,-4.240941333333333,0.016917486979166643,0.8385374240319012,0.8382986030153285,-0.008069502574351097,9.55175126263588,5.253141681846285,49.55219436832829,OR021
3964,0.8705573333333333,-0.7737359999999999,0.008208914062500008,0.22280924444236208,0.2228516664733547,-0.008390369393230313,1.557255387938179,3.9064430035905593,27.14752094815885,OR021
3965,4.196704,-3.7710239999999997,0.012863158854166659,0.9438062889311161,0.9434330283596026,0.016072016054405155,4.481695375227066,4.448332710268829,73.34380606315874,OR021
3966,2.6383813333333332,-2.771928,0.015715208333333317,0.6341671966143493,0.6340522524324638,-0.16441760552791526,3.085435326280588,4.161141803710193,40.34641087688186,OR021
3967,0.6752453333333334,-0.7153093333333332,0.01004126822916667,0.1941058996356995,0.1942707731435652,-0.1163194078646974,1.1229729634156396,3.4757947498069117,19.347234702810823,OR021
3968,5.551368,-5.568061333333333,0.013646473958333322,0.9668269771543936,0.966451128566563,-0.3739866012377554,11.156010583357636,5.744075241790829,70.82057471530163,OR021
3969,1.610072,-1.4473120000000002,0.012747414062499986,0.29675074477747515,0.2968796119920239,0.02588209441712904,5.688737605370116,5.4233161691253375,23.289398974288964,OR021
3970,2.705989333333333,-2.4355573333333336,0.009632085937500008,0.5594558722482088,0.5592655853198052,0.15378742710961582,3.81053218606354,4.838469243169978,58.06276947161059,OR021
3971,3.9796906666666665,-4.348613333333333,0.008733841145833324,0.7202472303520423,0.7199484391840681,-0.7732073580008657,11.253459151023584,5.527744002302343,82.43205104864265,OR021
3972,1.2060933333333332,-0.96404,0.01463193489583334,0.2384924342780933,0.23882459919077004,0.2061016220975836,3.6714687318542314,5.050121877813439,16.322147473385687,OR021
3973,4.864437333333333,-4.422064,0.009772283854166676,0.9383924825985588,0.9379850782833092,0.026488543860914586,6.431113473471847,5.186049806075995,95.98422357363005,OR021
3974,3.1266613333333333,-2.558253333333333,0.008676783854166651,0.5285634870721452,0.5283765844904547,0.11928854422818418,7.59164743565627,5.9174865524151885,60.89544160267685,OR021
3975,0.8880853333333333,-0.8947626666666667,0.01277757291666667,0.22199713485313724,0.2222563083214837,0.018091121798402218,2.029170147639399,3.9957710988736403,17.394250830811494,OR021
3976,4.0907013333333335,-5.05808,0.010694981770833334,0.8741943616717686,0.8738328559508401,-0.6222122006570536,8.679871215436473,4.681331567559491,81.7049411279878,OR021
3977,1.5558186666666665,-1.3605066666666663,0.012608846354166665,0.2963439319175911,0.2964674476896311,-0.09193520576257544,5.220227686495315,5.2478566493257555,23.512654477835067,OR021
3978,2.1442586666666665,-1.8646453333333333,0.012164614583333328,0.4662223594667738,0.4661534055204716,0.05901651444950474,3.008447009720931,4.5998991775519675,38.32044182962819,OR021
3979,3.152536,-3.7267866666666665,0.013681523437500004,0.7172888646417844,0.7170690725298259,-0.5956543319699278,8.911202399712208,4.396418867819561,52.411493194127395,OR021
3980,1.8921893333333333,-1.925576,0.01321446875000002,0.3361946999543078,0.3362902327645679,0.09021205218969584,9.154762349797107,5.626655635455309,25.448638089561292,OR021
3981,4.432914666666667,-3.9646666666666666,0.0110943828125,0.817676299656189,0.8173522447529753,0.004340667529116486,7.271568028085254,5.423505832551309,73.67261960999467,OR021
3982,3.0548800000000003,-2.789456,0.015947513020833345,0.5367618156171792,0.5367366293478719,-0.2792479222928504,8.384588743851735,5.691580997018296,33.65644716180482,OR021
3983,0.833832,-0.9248106666666668,0.008072791666666657,0.21427530679397525,0.2143227455662174,-0.07357756174427063,2.3665850604591183,3.8905436648691047,26.54877698023311,OR021
3984,6.017946666666666,-5.381930666666666,0.014812888020833343,1.1729791629062365,1.1724998530223159,0.1053907942347352,8.427852291779367,5.132577757817533,79.15403474145437,OR021
3985,1.6217573333333333,-1.6359466666666669,0.011713861979166663,0.3230324723499073,0.3230871221193781,0.3035720921103661,5.4259849333419705,5.019566619353238,27.581605681712393,OR021
3986,1.3479866666666669,-1.4414693333333333,0.012338231770833336,0.3588293872491259,0.35886629873211495,0.015289404974054368,2.177859255615191,3.756236435210391,29.085715473464216,OR021
3987,3.4672053333333333,-4.027266666666667,0.013822536458333349,0.7507024240292409,0.7504630877851262,-0.6739311393183349,8.83087526539487,4.620087769494758,54.29271899895667,OR021
3988,1.8613066666666669,-1.957293333333333,0.010280908854166668,0.34019328581332936,0.3401825242189742,-0.008442297064820251,8.70843692091745,5.471494077892581,33.088759860088075,OR021
3989,3.778536,-3.425472,0.013816830729166663,0.7475697599340287,0.7473323815594367,-0.09469978769854648,6.360360371628874,5.0560314168582385,54.08855302698717,OR021
3990,3.0540453333333333,-3.1358426666666666,0.009346799479166664,0.5728583258125025,0.5726548252288473,-0.4354691826326749,8.958138608988811,5.333134724068483,61.267477333311064,OR021
3991,0.8363360000000001,-0.8905893333333333,0.013941541666666665,0.21370070020898646,0.21405083089790453,-0.0576288273552648,2.3156415286667817,3.9071840856292015,15.353454877209627,OR021
3992,4.213397333333333,-4.759269333333333,0.010898757812499998,0.9521900294396708,0.9517873813068356,-0.2312936426447855,6.430360097347792,4.426826217792674,87.32989554233532,OR021
3993,1.6659946666666663,-1.6968773333333331,0.008446109374999991,0.3525128738097574,0.3524419244465241,0.14638106415620694,4.530169324953711,4.727004794571331,41.72831641154593,OR021
3994,0.95152,-0.9081173333333332,0.01181167447916667,0.24862979419973796,0.2487889110750233,0.03852460807019914,2.513963404797612,3.824607760404021,21.062967110534167,OR021
3995,4.042290666666666,-4.291021333333333,0.010868598958333342,0.8573065080138608,0.8569567239022029,-0.3452684464734152,8.176860266382231,4.717030106561109,78.8470277712422,OR021
3996,2.270293333333333,-2.1818186666666666,0.013394606770833324,0.3858327573872379,0.3858768641876199,0.1502203435483852,10.221453071447408,5.883465799674058,28.808375698483697,OR021
3997,3.478056,-3.398762666666667,0.011739130208333323,0.7353355251079456,0.7350701302701019,-0.02437681685308463,5.601147512510799,4.731597512637314,62.6170863790482,OR021
3998,3.0248319999999995,-3.287752,0.01604777083333332,0.6158932688018766,0.6158016039310282,-0.6229256398858443,9.748855159020302,4.912023581443595,38.3730307671099,OR021
3999,1.4055786666666668,-1.199416,0.01121012760416668,0.2684661398358633,0.26856907932039925,0.19038688910838333,4.648361725130994,5.23358336791195,23.95771830648699,OR021
4000,3.877861333333333,-4.929541333333334,0.013236476562499988,0.8472989109102588,0.8469885237949213,-0.484169636177238,7.431217290637404,4.578410715600518,63.98897167200133,OR021
4001,2.17848,-1.8145653333333327,0.01331798697916666,0.3903583313044895,0.3903949120655744,0.15761486747076464,5.557624809531065,5.580195675383396,29.313357392244765,OR021
4002,0.8880853333333333,-0.9156293333333332,0.014997101562499988,0.2250485063321607,0.2254379814106156,-0.07410783094557005,2.0477450485638844,3.939377596341068,15.032103401521242,OR021
4003,4.061488,-4.576477333333333,0.013338364583333321,0.8546587549558009,0.8543454673196553,-0.6062834738002569,8.965257078899766,4.753917654344369,64.05174052501047,OR021
4004,2.4230373333333333,-2.4923146666666667,0.0126496015625,0.4103134360221552,0.41030807566280997,-0.044301802060620996,12.578804875889842,5.9054098055934405,32.43644265280075,OR021
4005,2.668429333333333,-2.6700986666666666,0.01676587760416667,0.5945904940155845,0.594536540856364,-0.06739385709529773,4.725553447425645,4.488251183837677,35.461104684947095,OR021
4006,3.807749333333333,-3.8478133333333333,0.012128750000000006,0.7920503249949701,0.7917563915449307,-0.0660726077410845,8.664349408563915,4.809243567839579,65.2793067335818,OR021
4007,1.4589973333333333,-1.27704,0.014156729166666656,0.2913803685507221,0.2915819259506143,0.3220877632660336,4.390611700020373,5.003730353233369,20.596701576884808,OR021
4008,4.750922666666667,-4.580650666666666,0.013486713541666666,0.9992729262472824,0.9988759330480628,-0.008715461190780573,6.569589754093063,4.756269031499498,74.06370202511349,OR021
4009,2.534048,-2.221048,0.013928500000000005,0.4350586825534037,0.4350692134335414,0.09158427931681394,7.623972737301183,5.824470961761321,31.23589858445211,OR021
4010,0.6068026666666667,-0.5425333333333333,0.013973330729166662,0.17119982798071648,0.17168579623781488,-0.061381661373920475,0.9908744977150206,3.5343789641522747,12.286676638909972,OR021
4011,4.710024,-4.7384026666666665,0.013679078125,0.9883497318919622,0.98796172450736,-0.034874816866002675,8.375271341564455,4.767415460703824,72.22429139444365,OR021
4012,2.1642906666666666,-2.0658,0.017680424479166682,0.3967480902720994,0.3969482646034988,-0.1832698567390828,9.308328799577184,5.452324294271748,22.45128588803021,OR021
4013,2.508173333333333,-2.2803093333333333,0.010598799479166662,0.5375671300076721,0.5374091070381302,0.026188823698083005,4.128725461954027,4.667158223567979,50.704715009891316,OR021
4014,2.9488773333333334,-3.3086186666666664,0.019193257812499986,0.6776945054737966,0.6776353873500266,-0.4138179657759187,8.138826829868728,4.351716850067803,35.30590762495272,OR021
4015,1.8621413333333328,-1.7761706666666666,0.015183760416666666,0.32960920164616336,0.32979793278092195,0.3125078181785671,7.813957621007857,5.646309901433842,21.72043839804761,OR021
4016,3.7551653333333332,-3.98136,0.016721861979166645,0.8715683979843906,0.8713031994796047,-0.2533583861977288,5.711655555131234,4.30982617253804,52.10563276775875,OR021
4017,2.7352026666666664,-2.3996666666666666,0.017302216145833313,0.4571069382849703,0.4572111876893572,-0.09318566015904453,8.487765029967617,5.982361631371638,26.425007284368128,OR021
4018,0.9031093333333332,-0.8221466666666667,0.01609912239583337,0.20883587142497745,0.2093537978654164,0.19935346055837114,3.2360031631928563,4.313794841753476,13.004050327588013,OR021
4019,5.264242666666666,-4.905336,0.0194581666666667,1.0504110387994692,1.0500783148936572,0.0717867948840539,8.429388297941154,5.013190532555453,53.96594308612436,OR021
4020,2.5549146666666664,-2.6901306666666667,0.016256437499999984,0.4483793042282266,0.4484550592742608,-0.007880279947954427,11.544290347278062,5.697147604491986,27.58630599565625,OR021
4021,1.735272,-1.6609866666666668,0.01653846354166666,0.4064331246771083,0.4065711368473334,-0.03850431639722905,3.414067397405024,4.268064903612651,24.58336808755098,OR021
4022,3.971344,-4.383669333333334,0.016946830729166664,0.7185928452282689,0.7184417855071789,-0.8360083370181851,11.39714248181582,5.527718571096833,42.393872753487244,OR021
4023,1.7578080000000005,-1.7018853333333337,0.017616031249999983,0.31883987572790673,0.31917066700201946,0.2441890780936368,6.839359688340359,5.507423399873017,18.11819373345059,OR021
4024,4.133269333333333,-3.9771866666666655,0.02010535937500002,0.8301192905752177,0.8299574174373927,-0.08702913867972631,7.1225044116916525,4.980098070688215,41.28040697792262,OR021
4025,3.14252,-2.86708,0.021108752604166642,0.5492389167325296,0.5493763499988152,-0.05724580298528827,8.835047034502065,5.720158867426268,26.025997855049678,OR021
4026,0.9824026666666666,-0.7178133333333333,0.01836918749999998,0.2069874171645876,0.20770021250437165,0.475065420895501,3.049898119682708,4.729906892348457,11.30698962620812,OR021
4027,6.588858666666666,-5.828477333333334,0.0187335390625,1.226684995251032,1.226228989505152,0.2391599207057129,8.707555871526548,5.373269367351703,65.45634465618754,OR021
4028,2.776101333333333,-2.774432,0.021114458333333308,0.4890942198103391,0.4893111173937123,-0.07171458960306364,10.221241583241731,5.673489186430258,23.174220700762127,OR021
4029,1.524936,-1.4314533333333332,0.01686613541666666,0.3529944381794907,0.3532249357952657,0.024705583132418326,3.5680556732955666,4.317181052256954,20.94284950696046,OR021
4030,3.723448,-4.271824,0.0189193828125,0.7499258825808012,0.7497983492709365,-0.8192384171657221,10.271595508996695,4.965932511882002,39.6312267002466,OR021
4031,2.2043546666666667,-2.2344026666666665,0.019758124999999963,0.38852334445542297,0.3888359039503717,0.1099179483247407,9.942106878857187,5.669112970977122,19.679797751576753,OR021
4032,4.497184,-4.101552,0.018051296874999987,0.8430623721972085,0.8428439457402211,-0.02923398427401515,7.613087096816419,5.335725578535636,46.691600696430385,OR021
4033,2.9672400000000003,-2.77944,0.019593473958333333,0.547489163770782,0.5475724331472045,-0.2398936866338748,8.251343435965898,5.418899528863451,27.946674199360928,OR021
4034,1.0533493333333332,-0.9231413333333331,0.015442148437499975,0.24813086134691106,0.2484899563331232,0.2123567226709984,3.0592072134002217,4.2390016436769935,16.091669973181062,OR021
4035,5.297629333333333,-4.826877333333333,0.01935301822916666,1.0840409022903887,1.0836842782511378,0.02988612867125263,7.535027233511379,4.888535747591272,55.995621221393385,OR021
4036,2.2118666666666664,-2.231064,0.014095596354166668,0.4265913521344498,0.4266159309393766,-0.13003602296829114,7.731412179788835,5.184679019830085,30.26590150712344,OR021
4037,1.0575226666666666,-1.0324826666666669,0.017232932291666673,0.2540038703695782,0.2544640137460775,-0.14546527029435488,1.772520993524144,4.155882991462748,14.766147132669268,OR021
4038,4.364472,-4.729221333333333,0.015762484374999986,0.8166811212478937,0.8164344270829998,-0.7984147666078352,11.016995555478783,5.34577163238157,51.79604989032704,OR021
4039,2.2719626666666666,-2.145093333333333,0.015855406250000002,0.3944802940527122,0.39460629597164093,0.14047317291605935,9.701615682471383,5.757542872123724,24.88780733521987,OR021
4040,3.6566746666666665,-3.407109333333333,0.014044244791666674,0.7445122460470915,0.7442811419161911,-0.03961777920519825,5.81990374223949,4.91302877465411,52.995454932387645,OR021
4041,2.9597279999999997,-3.073242666666667,0.015292169270833331,0.5825680485891404,0.582484292058694,-0.521215596464859,8.643016863532534,5.081215133783837,38.09036388118349,OR021
4042,1.2503306666666667,-1.0333173333333332,0.016421088541666674,0.2601538135224337,0.26054474679529643,0.29738745154653873,4.001416468796904,4.7989095233956895,15.866472319066627,OR021
4043,4.672464,-4.2334293333333335,0.010059200520833344,0.9836696014891804,0.9832406342228917,0.06599481335870404,6.734972225792058,4.752106287483635,97.74540553064112,OR021
4044,3.145858666666667,-3.077416,0.01773340625,0.5397366110008776,0.5397643884624825,-0.12339974690820647,10.989669462491085,5.828207147247407,30.437716299567803,OR021
4045,0.7904293333333333,-0.7002853333333333,0.012219226562499972,0.21022098808780554,0.21047331478553852,-0.04640245143264928,1.1454493842251718,3.755484794539108,17.224765717289156,OR021
4046,4.176672,-4.792656,0.01629963802083335,0.8758632973285012,0.875587252678591,-0.4893532029475644,9.067616230987973,4.770137969942746,53.718202303600904,OR021
4047,2.064130666666667,-2.1025253333333334,0.016465104166666668,0.3787432074753068,0.3789161285457472,-0.05051293806451971,9.306172559137565,5.447460562284988,23.013284623662237,OR021
4048,2.811992,-2.6634213333333334,0.01356496354166668,0.6137015509187663,0.6135517903962847,-0.043800194099130586,5.122084402255293,4.583137143457397,45.230625833359206,OR021
4049,3.93128,-4.150797333333333,0.01603635937499999,0.7089990039722393,0.7088341515621501,-0.4448643911833852,10.276964584223457,5.546121037390941,44.20168786359282,OR021
4050,1.3805386666666666,-1.2511653333333332,0.013302499999999991,0.27286427487867043,0.27305523092557576,0.3253036276057189,4.895699890540596,5.055895329260136,20.526610105286675,OR021
4051,3.6374773333333335,-4.167490666666667,0.01693704947916666,0.8309467187664688,0.8307135628918202,-0.26515755666446233,6.215777828510007,4.378738347151587,49.04712381655586,OR021
4052,1.847952,-1.8462826666666663,0.015018294270833331,0.4080920894127304,0.4081691643326588,-0.2854348039636898,5.8401752209533,4.527416966985569,27.178130683279683,OR021
4053,0.7879253333333333,-0.7094666666666666,0.014178736979166672,0.19185903208568766,0.1922887870333136,0.14930551556772712,2.450845033374539,4.097614559276547,13.561771215295865,OR021
4054,4.042290666666666,-4.712528,0.015554632812499976,0.8505305450475259,0.8502574358345623,-0.6232848344451359,9.352534712573817,4.7541961955310565,54.662649133786076,OR021
4055,2.0265706666666667,-2.14092,0.017132674479166644,0.3659596684156333,0.3661819491245192,-0.0515419631736852,10.935898677558804,5.534327051106326,21.37330920340528,OR021
4056,3.4588586666666665,-3.1767413333333336,0.01728265364583333,0.6584279763013748,0.6583332921034953,0.19898336224483645,6.024844862880419,5.253962860688665,38.09214172744893,OR021
4057,2.9705786666666665,-3.660013333333333,0.01587904427083335,0.6375238106189481,0.6374102622345986,-0.7060784883351038,9.275562944656226,4.660387261812464,40.14160117970039,OR021
4058,1.9147253333333327,-1.5666693333333332,0.01676913802083334,0.33390387228115503,0.3341618188952084,0.4650890057925432,6.889993602958219,5.729934495998723,19.9271911579509,OR021
4059,3.852821333333333,-3.9646666666666666,0.015491869791666672,0.8751673660510547,0.8748771056056953,-0.25330491054084925,5.681150764411237,4.403842903930999,56.4733061516116,OR021
4060,2.232733333333333,-2.3679493333333332,0.017457085937500016,0.4542213044968975,0.4543349665933362,-0.36218657333066656,6.767850810108087,4.914289010319113,26.025819442027693,OR021
4061,2.0491066666666664,-1.97816,0.017199513020833338,0.35588211947660925,0.35612388650096,0.2424752138642005,9.558617821121755,5.753915264712642,20.705463350595807,OR021
4062,5.675733333333333,-5.539682666666668,0.015700536458333324,0.9944224864903056,0.9940608075888346,-0.28586879070129145,10.701023393334204,5.709644007694286,63.31381161573115,OR021
4063,2.1667946666666658,-2.147597333333333,0.01763070312499997,0.3774709446312073,0.377698306715198,0.04279563996556285,9.968108627382033,5.736839769050195,21.42275915131426,OR021
4064,2.6475626666666665,-2.424706666666667,0.01545845052083332,0.5157639469666139,0.5157437686495765,0.15361607652110484,5.401877707030575,5.133484547179397,33.36322537336519,OR021
4065,4.523058666666667,-4.584824,0.019732041666666686,0.7659344878912268,0.7658146559784208,-0.6756386993908606,12.116066881834795,5.906205413224839,38.810715531384204,OR021
4066,1.9689786666666669,-1.878,0.014681656250000015,0.35095635404427905,0.35109205333818394,0.2288057450940716,7.9193948599977615,5.6081550349704985,23.91365438338632,OR021
4067,5.658205333333332,-5.154066666666666,0.017747263020833317,0.9992265742444332,0.998896220602524,0.042417594518375484,9.544660365355725,5.664457644979737,56.284522262950105,OR021
4068,2.3353973333333333,-2.4772906666666668,0.017381281249999984,0.4972123420783281,0.497273361604253,-0.43565215969155535,8.214943873904607,4.696405465595643,28.60970687096232,OR021
4069,0.7628853333333333,-0.7854213333333332,0.01608200520833333,0.21251468314243624,0.21301881946901355,0.12527616685299206,1.4518342861315157,3.581304859518786,13.245787245400965,OR021
4070,5.179941333333333,-4.766781333333333,0.01822654427083335,1.042063207566859,1.0417137276781765,0.09047265642908033,7.7508757085684605,4.972519028695769,57.153660737826044,OR021
4071,1.4773599999999998,-1.5149199999999998,0.01960977604166664,0.3405974232880166,0.34099539640131343,-0.3611907725001859,5.536979522788331,4.332492507497998,17.38905103642031,OR021
4072,1.7694933333333334,-1.4514853333333333,0.01978257812499999,0.34174488313008217,0.34215035179457703,0.22077645766116885,4.7344892044980655,5.171683512971268,17.295539015826694,OR021
4073,6.366837333333334,-5.8526826666666665,0.013675002604166686,1.0007483568598143,1.0003530650587504,-0.13235611239212114,14.03317777545274,6.3645902189137695,73.15194695128973,OR021
4074,1.9239066666666669,-1.878,0.022096658854166704,0.3433340716629958,0.3438770588229798,0.16640452870490388,8.718496852415795,5.594751430211141,15.562400682044105,OR021
4075,4.599013333333334,-4.114072,0.01601109114583335,0.8574493215915792,0.8571800898887596,0.04301960683218842,7.755318583154768,5.365282497322319,53.53664419753353,OR021
4076,2.4180293333333336,-2.6450586666666664,0.018272190104166648,0.5348731866855436,0.5349241204685856,-0.4636710038639227,8.582787409761357,4.520322118238332,29.275314968762594,OR021
4077,1.02664,-0.9757253333333332,0.018787335937500003,0.2337986412847801,0.23443845245526185,0.164167695630326,2.9169653991916333,4.379145098630588,12.478536245648147,OR021
4078,5.5388480000000015,-4.836893333333333,0.01704382812499997,1.07668757897111,1.0762966824769828,0.11453997120429205,8.183722290914902,5.1462093028596225,63.148764149895754,OR021
4079,2.421368,-2.471448,0.013547031249999992,0.4654508571897867,0.4654207296838172,-0.1946511538291715,7.38156447267208,5.202535782290902,34.35592057734549,OR021
4080,1.229464,-0.928984,0.01741959114583332,0.24764833788057514,0.2481395758968544,0.3877158712468857,2.4087208660978416,4.954727578445842,14.244856484832491,OR021
4081,5.466232,-5.549698666666666,0.019059580729166654,0.9270860371775704,0.9268292419259594,-0.4587731023545556,12.464700887250714,5.897776799360713,48.62799738861219,OR021
4082,1.5858666666666668,-1.5850319999999998,0.014911515625000003,0.3117815709897444,0.3119858520280252,0.06034673709530791,7.261766003619328,5.083136483138379,20.92247762561193,OR021
4083,4.296029333333333,-4.067330666666667,0.015667117187500003,0.8023793425567399,0.8021404768938071,0.1061438260400996,7.49425909608348,5.355706957924867,51.198983660746094,OR021
4084,2.7527306666666664,-2.8629066666666665,0.01706502083333333,0.5351912071960689,0.5352019495126868,-0.5602233640309716,8.388257006040675,5.143349476161453,31.362513690418105,OR021
4085,1.124296,-0.9949226666666666,0.012864789062499995,0.2517926535621399,0.25199827295405497,0.2267748078082911,3.1736010425636216,4.461522639899142,19.588216466651076,OR021
4086,3.965501333333333,-4.726717333333333,0.01409315104166668,0.8940812107073087,0.8937556615383937,-0.3222398599974018,6.407779993785366,4.4368964628516485,63.41773098833521,OR021
4087,1.9873413333333327,-1.910552,0.018321096354166684,0.4281131439235067,0.4282960907514069,-0.2877363374295221,5.26150357368881,4.640110839785444,23.37720857267373,OR021
4088,0.5742506666666667,-0.6577173333333333,0.013290273437499988,0.18116237432855045,0.1815609722620176,-0.23386675124030026,1.312059777548508,3.1628530047632903,13.661191631296544,OR021
4089,5.047229333333333,-5.287613333333333,0.013139479166666657,0.9012809290739552,0.9009365627860388,-0.5633964619966583,11.322292472228849,5.60220279852488,68.56714420398117,OR021
4090,2.1751413333333334,-2.231064,0.01915250260416669,0.3884556507804893,0.38873802213532893,0.06003207499333845,9.639430059692325,5.595391264752884,20.29698312380116,OR021
4091,4.227586666666666,-3.968005333333333,0.007631005208333325,0.8011362454088652,0.8007813305166738,0.1726732449230141,6.868960840791268,5.279327209013449,104.93785663285782,OR021
4092,2.6851226666666665,-3.11748,0.012758825520833341,0.5739473496005255,0.5738088992506264,-0.7308188957431982,9.231372881120814,4.67947198130482,44.97348900286146,OR021
4093,1.0174586666666663,-0.996592,0.013428841145833316,0.2503596462489319,0.25059743684508523,0.1338480950885825,2.9373167140067737,4.060131976911004,18.661136439374765,OR021
4094,0.184416,-0.19881046153846152,0.005364104567307695,0.06513915058970901,0.06532793350691585,-0.3731574822592584,-0.08811511638075675,2.822927193625022,12.17872110567462,Normal
4095,0.2042344615384616,-0.1710646153846154,0.010639792067307698,0.06768590767174756,0.06848440163007513,-0.20190731379704,-0.29855149387464097,2.9822040738802547,6.436629700734788,Normal
4096,0.20444307692307687,-0.19735015384615384,0.009911471754807695,0.06234810884116155,0.06310093319453429,-0.25750208357056403,0.14867506892707416,3.239937455327292,6.366454423272338,Normal
4097,0.1792006153846154,-0.18232984615384606,0.009280125000000005,0.0636798045045094,0.06432167710859905,-0.28485928336732697,-0.18208578442263332,2.7860065757000974,6.931121844651773,Normal
4098,0.20486030769230767,-0.1802436923076923,0.010609436899038456,0.0636551637467998,0.0645025814317007,-0.1155231679012752,-0.21996324462579556,3.176001690866068,6.079736563355839,Normal
4099,0.21132738461538456,-0.1635544615384615,0.011021981971153855,0.06250354063103791,0.06343785580002244,-0.309814998902292,-0.17609279008940204,3.3312504332044246,5.755576081148437,Normal
4100,0.2008966153846154,-0.1846246153846154,0.010848814903846154,0.06363815547459285,0.06452562839468745,-0.03149957645000564,0.2320913318310751,3.1134391153198857,5.947712166405535,Normal
4101,0.19693292307692306,-0.19672430769230767,0.011987643028846143,0.06495916587819339,0.06602481369005303,-0.158553890393846,-0.0196886607889164,2.9827107729740105,5.507739388900384,Normal
4102,0.211536,-0.19192615384615386,0.013095912259615409,0.06290156698287601,0.06422029408733239,-0.1254875500982995,0.009346330128138902,3.293912041454292,4.903842726968482,Normal
4103,0.16793538461538465,-0.22780799999999998,0.011522944110576937,0.06435600403605446,0.06534851851565728,-0.31692796270679435,-0.09339554081748293,2.5698422616137493,5.671165102300003,Normal
4104,0.1869193846153846,-0.16584923076923075,0.01262286057692309,0.05966741455601845,0.06095949647741791,-0.12995772685873913,-0.12673132612356852,3.0662881981747963,4.829293336952724,Normal
4105,0.20360861538461536,-0.2123704615384616,0.013107320913461527,0.07147336790717866,0.07263095392682284,0.015878794192510738,-0.2561229002051695,2.803331147072021,5.541250909041919,Normal
4106,0.17586276923076924,-0.20548615384615385,0.010196484375000012,0.058268148661954386,0.05912554303697485,-0.3701639593944448,0.4872246946899472,2.9743958397268573,5.7986204717716525,Normal
4107,0.17440246153846153,-0.211536,0.012729001802884629,0.06523447587086778,0.06643348953161553,-0.26930110844336186,-0.1593530052056038,2.625219038892483,5.21906513647916,Normal
4108,0.20006215384615386,-0.21049292307692305,0.011541686899038476,0.06955416343967329,0.07047175173162573,-0.03881041432038759,-0.21394003462459651,2.8388985505574094,6.1058450422439225,Normal
4109,0.16418030769230768,-0.1940123076923077,0.009028727163461536,0.06368574273476296,0.06429176407274731,-0.1873345178932635,-0.1444172890796116,2.5536755766498285,7.120800408382082,Normal
4110,0.1710646153846154,-0.1693956923076923,0.010787900841346171,0.06716982315255128,0.06799821987912377,-0.19103168348480748,-0.3776890933479664,2.5157219657912573,6.303192889807707,Normal
4111,0.1777403076923077,-0.1848332307692308,0.010559931490384616,0.06395476539462798,0.06478988981385114,-0.11724699463717835,-0.3436352237429343,2.743334001693415,6.135446037016983,Normal
4112,0.19672430769230767,-0.16418030769230768,0.01082070072115385,0.06306677920166164,0.06395797061413377,-0.2335844425688213,-0.3101339439000021,3.0758372381633152,5.910705070060723,Normal
4113,0.1908830769230769,-0.22342707692307687,0.009786180288461536,0.0711579460044531,0.0717932993086235,-0.23506337817936496,-0.055317765393719576,2.6587868054720927,7.336192180443669,Normal
4114,0.1785747692307692,-0.15270646153846154,0.011866629807692307,0.06275578848800219,0.0638377623856218,-0.18293577650927476,-0.3117216704406789,2.797321875915088,5.379603427439881,Normal
4115,0.16814400000000002,-0.19693292307692306,0.009977886418269232,0.06314647477006878,0.0638994637887172,-0.1693134134759514,-0.3827801967230089,2.631383583373502,6.40410815578328,Normal
4116,0.20360861538461536,-0.17523692307692307,0.007389140624999999,0.06537036349503997,0.06575492904208692,-0.04154625045749663,-0.1944149324225788,3.0964768474511497,8.8988601488535,Normal
4117,0.18879692307692306,-0.22113230769230768,0.011974197115384621,0.06531834394340794,0.06637545451278543,-0.36042726930777697,-0.0036237251029991313,2.8443786104780115,5.543207103840414,Normal
4118,0.17899199999999998,-0.21007569230769232,0.009167871995192324,0.06235791523878671,0.06299811185423414,-0.3284046954036527,-0.034228055277134566,2.841228010359327,6.871617741529403,Normal
4119,0.19609846153846155,-0.23844738461538464,0.008715396634615402,0.0672371862867875,0.06776711943274763,-0.2287594393458549,0.09878278243174954,2.8937110383313627,7.775563439487464,Normal
4120,0.18358153846153846,-0.1852504615384616,0.011191074519230784,0.06721449882882738,0.06810739386093738,-0.13169654078110998,-0.3189558840294131,2.6954714907514714,6.085867245714552,Normal
4121,0.2230098461538461,-0.17481969230769231,0.009122237379807706,0.06817059517395624,0.06874523220262498,-0.11204223855159964,-0.013675349981000284,3.2440045514215408,7.5360056245405564,Normal
4122,0.1821212307692308,-0.17982646153846152,0.008798313100961545,0.06674017225897133,0.06728529596044618,-0.1292090195705044,-0.3956973996350257,2.706701786320316,7.647522336195644,Normal
4123,0.1902572307692308,-0.17461107692307692,0.0099008780048077,0.06415228745365048,0.0648808470368742,-0.14153298298963762,-0.35280419895738024,2.932409785912637,6.553039741058233,Normal
4124,0.1867107692307692,-0.19067446153846154,0.010033299879807677,0.06490392796983169,0.06564353116232928,-0.16920352742296255,-0.16433634020908494,2.8443133074156832,6.542566448595728,Normal
4125,0.20193969230769232,-0.17669723076923075,0.00997849759615385,0.06311231759756843,0.06386583779769381,-0.17924286764332575,-0.21564369681003592,3.1619360094730387,6.400346062348153,Normal
4126,0.1783661538461538,-0.25138153846153843,0.009671890024038466,0.059944579577879076,0.06069092966817249,-0.4012591211627514,0.39210299163898377,2.9389260441612994,6.274981365310353,Normal
4127,0.17669723076923075,-0.22342707692307687,0.011035020432692305,0.06565438123897803,0.06654366973152864,-0.3628415716995956,0.08048183767319728,2.655357474003435,6.030226236318207,Normal
4128,0.2271821538461539,-0.1802436923076923,0.008402473557692306,0.05957481637491521,0.06013563280331045,0.001281177564721993,0.13352051285781918,3.7778292711945594,7.1568964056134865,Normal
4129,0.2238443076923077,-0.20444307692307687,0.010176315504807678,0.0664507012786423,0.06719330989647927,-0.15311272625709618,-0.032636481233283554,3.331348136253018,6.602911423563333,Normal
4130,0.2271821538461539,-0.18232984615384606,0.012612063100961551,0.07009066633856542,0.07118263891835247,-0.00019959519064181364,-0.18050247637088068,3.1915387979186214,5.644012272102053,Normal
4131,0.21716861538461532,-0.1948467692307692,0.007234105168269225,0.06774804539084313,0.06810027685401555,-0.14164896817772574,-0.1266490135438132,3.1889534876657395,9.413780318362262,Normal
4132,0.1860849230769231,-0.2321889230769231,0.010461328125000016,0.06859538946999047,0.06935540207030971,-0.24132275382864185,-0.0867398110119093,2.6830631432037215,6.629693786639504,Normal
4133,0.1846246153846154,-0.1883796923076923,0.010649367187500005,0.05959352030670385,0.06050891283129715,-0.17263103723175516,-0.22697120387680725,3.0511970343833643,5.681925673698357,Normal
4134,0.1802436923076923,-0.17461107692307692,0.010033096153846148,0.06290386599344595,0.06366863606796662,-0.2476343284910631,-0.25341501237496544,2.8309651885000515,6.345861246785669,Normal
4135,0.19004861538461532,-0.1814953846153846,0.012327457932692321,0.06556150595780581,0.06667893005395181,-0.09227870554533707,-0.08507914413203999,2.8502049332651502,5.408976483068731,Normal
4136,0.165432,-0.2323975384615385,0.012438081129807672,0.06321855736540251,0.06440022470103089,-0.3383074919485932,0.04506036824762294,2.56881091281894,5.1776655923795785,Normal
4137,0.1990190769230769,-0.2065292307692308,0.01067116586538462,0.06963665665135671,0.0704159223555279,-0.27603479286847576,-0.2821476665119253,2.8263362924969653,6.598709386004836,Normal
4138,0.17544553846153846,-0.21216184615384606,0.011067616586538476,0.06938752278790596,0.07023118018431243,-0.2791408669429939,-0.2617050225587976,2.4981146265961205,6.345646294770862,Normal
4139,0.16647507692307692,-0.18984,0.014158139423076919,0.06449695655828393,0.06600187843127725,-0.2359070423754012,-0.2635319203803359,2.522277863597697,4.661762146776018,Normal
4140,0.19192615384615386,-0.2042344615384616,0.013035813100961536,0.06811606716255751,0.06931954973578072,-0.2263416101646455,-0.2031468308902209,2.768716106462059,5.317623779882794,Normal
4141,0.18107815384615386,-0.15374953846153847,0.011550650841346157,0.058545981392939025,0.05964647663783103,-0.15416345848241753,-0.23579605954393926,3.035856668377027,5.163906125906201,Normal
4142,0.17481969230769231,-0.1944295384615385,0.01498669290865386,0.06724186921353094,0.06885967210655071,-0.2496161825671316,-0.2819085943788311,2.5387819453624947,4.594720965209652,Normal
4143,0.2002707692307692,-0.18337292307692307,0.01476157572115385,0.0653059268344337,0.06692236764451724,-0.31603753307787136,-0.1032975983104314,2.992583440779935,4.533551763624744,Normal
4144,0.20277415384615385,-0.20193969230769232,0.011773323317307712,0.06308579445309423,0.06414469629846177,-0.1537517295428883,-0.061746789282898014,3.1611990631720635,5.448308397694643,Normal
4145,0.16418030769230768,-0.20673784615384616,0.015108928485576937,0.062435147479935976,0.06420763643070912,-0.18140668399802384,-0.10624657067556996,2.5570215136245658,4.249648576469341,Normal
4146,0.20444307692307687,-0.200688,0.010913599759615398,0.06558882917468692,0.06645901070102886,-0.1816032629089044,-0.1627326197539034,3.076228110628674,6.089559097352395,Normal
4147,0.192552,-0.16793538461538465,0.011096138221153842,0.06044952477021751,0.06143045521032413,0.0777370165245861,-0.050526905778192084,3.1344713194903906,5.536201332929703,Normal
4148,0.1992276923076923,-0.2056947692307692,0.011389096153846165,0.06661576121050793,0.06755025907324988,-0.1654736027100826,-0.1088021241676218,2.949325362196681,5.9311343201223,Normal
4149,0.1992276923076923,-0.16814400000000002,0.01192204326923078,0.060929548363834574,0.06205577796850695,-0.10157848556674844,-0.006473247950562477,3.2104616013161498,5.205129403335142,Normal
4150,0.1908830769230769,-0.22154953846153846,0.0090391171875,0.06613795183084033,0.06672078090235489,-0.312739975479039,0.1280842967075846,2.8609239031904035,7.381338190262832,Normal
4151,0.17023015384615384,-0.1869193846153846,0.009731989182692302,0.06580724669475264,0.06649117411783906,-0.20346365433128655,-0.23134770573247065,2.560191726265252,6.832228526937659,Normal
4152,0.1792006153846154,-0.17273353846153844,0.010958826923076922,0.0645346879375406,0.06542747679333892,-0.18373592405033146,-0.3492960187009864,2.7389198570295403,5.97029930781759,Normal
4153,0.16459753846153846,-0.165432,0.006135003605769236,0.060245956069282236,0.06052824947816739,-0.011472519140259185,-0.4856088984256552,2.719350714428128,9.866049536017847,Normal
4154,0.1783661538461538,-0.20006215384615386,0.012523442307692312,0.06465860329597034,0.065829239995732,-0.26275492909756865,-0.252835415572231,2.7095277699957965,5.256481275543346,Normal
4155,0.15813046153846153,-0.1504116923076923,0.0119322295673077,0.057454314621361635,0.058652815277151514,-0.02446052349467997,-0.4207870206164883,2.696042138663752,4.91549504191994,Normal
4156,0.18253846153846154,-0.2040258461538461,0.00774342007211538,0.06860274159276558,0.06900507718317972,-0.1594926116297419,-0.3522498257548743,2.645290303116364,8.911446949865477,Normal
4157,0.17085599999999998,-0.19505538461538466,0.009058471153846146,0.06498145531223537,0.06557836389807857,-0.28241924546728164,-0.1578125755470401,2.6053714951709246,7.239451645240885,Normal
4158,0.1829556923076923,-0.2059033846153846,0.008538766225961536,0.06552185117976844,0.06604415960203322,-0.15561467987518254,-0.019591496954816545,2.7702024434884303,7.734625571693305,Normal
4159,0.19150892307692308,-0.19380369230769232,0.006848859375000006,0.06836078625343474,0.06866979177838026,-0.2644933158572844,-0.3190941776291241,2.78883797543736,10.026456672338993,Normal
4160,0.18066092307692305,-0.1994363076923077,0.007596737379807681,0.06489924217984262,0.06531086325703457,-0.3609822114795625,-0.2114041921072607,2.766169578342914,8.597225360275385,Normal
4161,0.22175815384615385,-0.2691138461538461,0.009941012019230784,0.06932404864004944,0.06999967323200887,-0.3156076872347197,0.4214295728098612,3.1679884149052016,7.041503731873098,Normal
4162,0.20986707692307693,-0.2405335384615385,0.009304572115384612,0.06661306378010584,0.06722753920367495,-0.292796765070072,0.15881947509266636,3.1217426579791376,7.2252155574696255,Normal
4163,0.17002153846153847,-0.17273353846153844,0.008987574519230787,0.06275457069380194,0.06336455478124185,-0.3283087934108216,-0.31610535391178685,2.683227855833856,7.050239711021052,Normal
4164,0.20506892307692307,-0.1597993846153846,0.011954843149038469,0.06577109514542846,0.0668171443657551,-0.08033445677941395,-0.2770579099347952,3.0691063651924684,5.589127647494833,Normal
4165,0.18900553846153845,-0.1992276923076923,0.008945403245192317,0.06665744637582471,0.06722273662432189,-0.09271520819359436,-0.1417088755279039,2.8116311229310207,7.5147799134097815,Normal
4166,0.19526400000000002,-0.24449723076923074,0.010523871995192296,0.07113449597592594,0.0718743826372328,-0.2502615924183819,0.2965081212109988,2.7167398568909333,6.829651925647492,Normal
4167,0.19150892307692308,-0.21696,0.011520906850961554,0.06665231959351063,0.06760861329737297,-0.18996741363648625,0.0369571458378255,2.832611315877476,5.868341283544901,Normal
4168,0.1867107692307692,-0.1652233846153846,0.00973484134615385,0.06401310333306069,0.06471818056991083,-0.09338471764071976,-0.3983577696536611,2.8849817406266194,6.648098132126252,Normal
4169,0.18358153846153846,-0.16856123076923074,0.010711911057692295,0.06385520136792436,0.06471668918910987,-0.2587121785937625,-0.4260900565644463,2.836695460812147,6.041563343884972,Normal
4170,0.17481969230769231,-0.16647507692307692,0.01203735216346156,0.060879591251563024,0.062029049810690816,-0.1778098499799184,-0.28889153318970306,2.8183519309296567,5.1530476942408585,Normal
4171,0.25138153846153843,-0.2134135384615385,0.010384930889423084,0.06809636965791678,0.068850809123794,-0.07844219879081743,0.10709230126394864,3.6511050728474888,6.6298764870854985,Normal
4172,0.2071550769230769,-0.21320492307692307,0.008969646634615405,0.06647255497894722,0.0670428227818933,0.0034880065332853327,-0.06830414445631927,3.0898919276863235,7.474410700100888,Normal
4173,0.17544553846153846,-0.17815753846153848,0.011084322115384631,0.06708343075318565,0.06796068102085785,-0.21165247573823864,-0.44579763614962303,2.581574166505076,6.131243779584043,Normal
4174,0.21445661538461536,-0.20548615384615385,0.011156848557692323,0.06688008843342416,0.0677720693726427,0.03266869846670327,0.12118908731526636,3.1643805091066657,6.074481429248746,Normal
4175,0.18900553846153845,-0.1804523076923077,0.009250177283653849,0.06583075278929466,0.06644562946789087,-0.1735324583425447,-0.35468840847572114,2.844514228778181,7.18317362255404,Normal
4176,0.1650147692307692,-0.2432455384615385,0.009989091346153856,0.06321773409137679,0.06397156427046942,-0.2311924143443411,-0.08691158169018952,2.5795018632511906,6.404142484401316,Normal
4177,0.1975587692307693,-0.21779446153846155,0.010716596754807696,0.06755967334469616,0.06837176006940149,-0.19157452208567516,0.2298638251140241,2.889479063142957,6.379988128108715,Normal
4178,0.15667015384615385,-0.1814953846153846,0.007593274038461549,0.05949572035528861,0.05994949351871862,-0.21759155691752485,-0.2453716398198318,2.6133690987270004,7.895078356853932,Normal
4179,0.1800350769230769,-0.16438892307692307,0.009569415865384621,0.06497845067583646,0.06564792099506922,-0.05022656015812412,-0.3834093967939681,2.7424337921775037,6.860180591851692,Normal
4180,0.1800350769230769,-0.1839987692307692,0.01083781370192309,0.061468346849490714,0.06238690622109928,-0.1341756495671803,-0.3784135431063702,2.885783056544468,5.756410650427508,Normal
4181,0.18107815384615386,-0.2090326153846154,0.007984020432692305,0.06365629875173784,0.06412419044583978,-0.16429628286405995,-0.2452785479383981,2.8238665094586284,8.031566425264813,Normal
4182,0.1867107692307692,-0.200688,0.0114263780048077,0.06456250290904374,0.0655347867497235,-0.1894811893626374,0.09055552036804393,2.8490329867680075,5.735394603797411,Normal
4183,0.19881046153846152,-0.19985353846153847,0.008883266826923074,0.06575380983216883,0.06631933132183701,-0.3035051857577666,-0.26985199597095066,2.997775423483485,7.465646660622514,Normal
4184,0.16584923076923075,-0.18796246153846152,0.009254455528846166,0.06239926607615447,0.06305165297931975,-0.1704148786723564,-0.3602113848785229,2.6303708615478723,6.8131131845398745,Normal
4185,0.21299630769230768,-0.2157083076923077,0.010062228966346141,0.06972833552303108,0.07041690947414145,-0.1636354456537975,0.04379908668686383,3.0247892059296397,6.998142231672123,Normal
4186,0.2011052307692308,-0.18107815384615386,0.010401432692307687,0.06555891308275963,0.06634729571925396,-0.15096663552636486,-0.18606452072536686,3.0310991365827458,6.378668947050024,Normal
4187,0.1850418461538461,-0.20256553846153846,0.01019424338942308,0.06582736923295074,0.0665802782830316,-0.2441827788022921,-0.2137222039980835,2.779229088938867,6.5311642796473945,Normal
4188,0.19588984615384614,-0.1850418461538461,0.010324628004807709,0.06721247194605957,0.06796839479819045,-0.0915855300755549,-0.3778896887728207,2.882072568220508,6.583132560954318,Normal
4189,0.1848332307692308,-0.20944984615384613,0.011979697716346152,0.07117637673013895,0.07214320772859825,-0.307300405587538,-0.27835000962195844,2.5620323324764107,6.022122547396142,Normal
4190,0.1666836923076923,-0.18775384615384613,0.00858562319711538,0.05988837285349584,0.060471708863400225,-0.12947246800287973,-0.3507766347316088,2.756391301661654,7.0433686029591485,Normal
4191,0.2415766153846154,-0.1802436923076923,0.010301810697115391,0.07145983958681028,0.07216404334940721,0.0579029234320397,-0.02657232943634114,3.3476036565043694,7.004986353478023,Normal
4192,0.16271999999999998,-0.22154953846153846,0.013421262620192314,0.0586332005168763,0.060121753264775576,-0.3603856038143153,0.22788242729119546,2.7065078971230725,4.4795899585723244,Normal
4193,0.19797599999999999,-0.2065292307692308,0.009499741586538471,0.06590051483057308,0.06654984487953661,-0.23778771939865415,0.027758354115824613,2.9748529145088303,7.005437387248564,Normal
4194,0.1650147692307692,-0.14853415384615384,0.010433417668269235,0.058718940659430466,0.05961042771947121,-0.1581939347268187,-0.1356088798928723,2.7682198491736134,5.7134133430469465,Normal
4195,0.18629353846153845,-0.1881710769230769,0.012676033052884615,0.06628413771776105,0.06745352559151538,-0.01193939559836805,-0.2881932750987142,2.76180580374247,5.321343460536762,Normal
4196,0.20548615384615385,-0.1942209230769231,0.011193315504807693,0.06916403460126493,0.07003058223198187,-0.19853765303219384,-0.3563502721158689,2.9342345486356893,6.256464601744024,Normal
4197,0.18107815384615386,-0.19547261538461536,0.012834531850961535,0.06436643150027394,0.0656027192793883,-0.13257612330665616,-0.2687714786789046,2.7602232931074058,5.1114228427796915,Normal
4198,0.22968553846153844,-0.16647507692307692,0.013197164062500004,0.066484627142191,0.06774993858633598,0.054678682828466905,-0.13839029768791722,3.3901955227434284,5.133674042808086,Normal
4199,0.1821212307692308,-0.19317784615384606,0.014190939302884606,0.06419776006389484,0.06571689582838765,-0.27092544793742296,-0.23307319255861625,2.7712999598279886,4.630905285813554,Normal
4200,0.21967199999999998,-0.19046584615384607,0.01366451141826921,0.0655106754728851,0.0668892847183078,-0.07264531613436076,-0.15146284756010253,3.2841134559161334,4.895109870439861,Normal
4201,0.20152246153846154,-0.19171753846153847,0.014759538461538452,0.06316945828343297,0.06484078638867836,-0.1780704896648344,-0.16709785755743534,3.1079583200991023,4.393144579530417,Normal
4202,0.1944295384615385,-0.17294215384615386,0.01476076081730772,0.06528419169919385,0.06690099858196483,-0.12932051065561262,-0.1909890068789566,2.9062277482051333,4.5323543555776675,Normal
4203,0.17711446153846155,-0.2059033846153846,0.00951013161057692,0.07123443667361201,0.07183197168705129,-0.19843441038428955,-0.2989843740581528,2.4656772935329143,7.553204795521613,Normal
4204,0.208824,-0.17690584615384616,0.014104559495192327,0.06500634066962574,0.06648786463888941,-0.11417653325202562,-0.10089422582283004,3.1407836773548112,4.713927057527207,Normal
4205,0.19046584615384607,-0.18796246153846152,0.012093987980769228,0.05868493810995797,0.05989009351477573,-0.28509310421769085,-0.1525602858472901,3.1802562823992844,4.952054988809941,Normal
4206,0.16105107692307696,-0.18337292307692307,0.011782898437499995,0.059653585237394315,0.060777559843686435,-0.3266529821572511,-0.07906989863133472,2.6498444053575625,5.158116245002767,Normal
4207,0.2290596923076923,-0.2127876923076923,0.012545852163461541,0.06922729353447861,0.07032166437696881,-0.17915292639951558,-0.2382102640426496,3.2573132950862314,5.605172407640287,Normal
4208,0.17648861538461538,-0.19630707692307686,0.012694572115384623,0.0706335213577156,0.07173126471868982,-0.2614468638903157,-0.3523294831463182,2.4604141036235023,5.650546081167893,Normal
4209,0.17648861538461538,-0.1650147692307692,0.010423842548076923,0.06287433715054122,0.06370226240899464,-0.19815792151305456,-0.18452550687100236,2.7705235059233235,6.111207274590592,Normal
4210,0.1852504615384616,-0.15228923076923076,0.011478124399038477,0.06602329140082833,0.06698182916233025,-0.02227646129516064,-0.3280254569599221,2.7656823328832605,5.8356075290437985,Normal
4211,0.19693292307692306,-0.1693956923076923,0.011595266826923084,0.0645314155719524,0.0655338622833827,-0.06506526815885809,-0.14358094711041902,3.005055954513137,5.651776993283107,Normal
4212,0.1787833846153846,-0.22572184615384616,0.009047673677884609,0.06842844202321907,0.06899086439515026,-0.18206162976836496,-0.18684066662699994,2.5914066475727795,7.625260022781973,Normal
4213,0.16772676923076926,-0.1933864615384616,0.010133736778846152,0.05770337228142103,0.05855868982426241,-0.3798472454568086,0.3722780169824622,2.8642507155492343,5.778588007782261,Normal
4214,0.2071550769230769,-0.165432,0.014277726562500022,0.06511200787336345,0.06662797337853442,-0.13415088521118618,-0.2363250530269232,3.109130691191279,4.666567403912231,Normal
4215,0.1942209230769231,-0.19964492307692308,0.01057134014423076,0.06829871723902332,0.06907903172032134,-0.17598464969777794,-0.18599026632160556,2.8115756437244346,6.534557660413638,Normal
4216,0.17377661538461536,-0.22280123076923075,0.01224230048076923,0.07130330087777208,0.0723123062585356,-0.2947284516286174,-0.08421058101928391,2.4031402727402726,5.906757996352654,Normal
4217,0.19067446153846154,-0.235944,0.012310548677884626,0.06512079716951025,0.06624293552034388,-0.16560358392456345,0.1688904248539771,2.8784120154201718,5.3809896905201695,Normal
4218,0.1839987692307692,-0.21111876923076925,0.009614439302884631,0.06307557031405997,0.06377366017975028,-0.14737205905842252,-0.0161396548309436,2.8851843960681656,6.633112776593865,Normal
4219,0.1929692307692308,-0.1635544615384615,0.012999957331730785,0.06418030320952392,0.06545294218784019,-0.002779756604390673,-0.3247295988353436,2.948213240215205,5.034858232040516,Normal
4220,0.2011052307692308,-0.18984,0.011938137620192324,0.06533454352439379,0.06638488645900456,0.003231962179462921,-0.2040001339961868,3.029382763099575,5.560740592127225,Normal
4221,0.16689230769230767,-0.17085599999999998,0.011408246394230782,0.059345387891152936,0.06040350833044175,-0.20653346661690256,-0.27916896495710164,2.7629571908193022,5.294723329344303,Normal
4222,0.20193969230769232,-0.2553452307692308,0.01162338100961539,0.07224874224812362,0.07314291628537442,-0.15371972798517886,-0.10661255176020212,2.760891998342045,6.292740143755701,Normal
4223,0.2165427692307693,-0.2200892307692308,0.012687849158653852,0.07201135749809523,0.07308592906789298,-0.07051821132946995,-0.06056835460531618,2.962851700627797,5.760308792609195,Normal
4224,0.17231630769230769,-0.19735015384615384,0.012762209134615364,0.06229804144330415,0.06356201590348201,-0.3336390310437662,-0.06898279602314705,2.7109950061050214,4.980486938666492,Normal
4225,0.19046584615384607,-0.16209415384615386,0.010063858774038464,0.06302269553878137,0.06379077234770784,0.10538768451481978,-0.1631162566325095,2.985789937072145,6.338599714084584,Normal
4226,0.2102843076923077,-0.1821212307692308,0.01422129447115388,0.0614822995812637,0.06307635769873264,-0.16666730711665007,-0.08658272182399472,3.3338054916974507,4.435345729369092,Normal
4227,0.1848332307692308,-0.19526400000000002,0.011878242187500006,0.0642102497547083,0.0652688477501992,-0.1332587100873464,-0.19971475338264927,2.8318751922300742,5.494823789574224,Normal
4228,0.18253846153846154,-0.18629353846153845,0.008731083533653837,0.06366819957759802,0.0642332688306149,-0.24069702584446065,-0.30286172327357,2.841805576169898,7.356849649076049,Normal
4229,0.15270646153846154,-0.20819815384615384,0.013846031250000005,0.05821048648535058,0.05980689153056544,-0.2683478422638069,-0.09177116039464828,2.5533255053126793,4.31942485544841,Normal
4230,0.19067446153846154,-0.1787833846153846,0.011027890024038459,0.07043900094251546,0.07126304686193936,0.008081877037751716,-0.5582163420922361,2.6756428462547004,6.462074495356867,Normal
4231,0.1639716923076923,-0.1777403076923077,0.011272361177884608,0.061154372223650715,0.062155218318782776,-0.28133982758088505,-0.1675863559972912,2.63810017473853,5.513948438835149,Normal
4232,0.18775384615384613,-0.1792006153846154,0.01326561598557693,0.0664982431182084,0.06777665180543559,-0.12375470161595235,-0.3792621630036415,2.7701847340117287,5.10919748311167,Normal
4233,0.1842073846153846,-0.18253846153846154,0.01159934134615384,0.06138419139313603,0.0624410439266111,-0.2504158675743459,-0.08149091944495934,2.950100975760259,5.383154272575622,Normal
4234,0.1858763076923077,-0.2323975384615385,0.011606064302884614,0.06688013615990304,0.06784751449820356,-0.2534628166145217,0.21403150944556334,2.739618526441809,5.845867533349828,Normal
4235,0.19192615384615386,-0.1821212307692308,0.009634404447115372,0.0629327028722095,0.06363551790917096,-0.14284080137250252,-0.024672521293379383,3.0160225005176557,6.605028702965031,Normal
4236,0.16814400000000002,-0.1821212307692308,0.011693870192307722,0.059929856848608784,0.0610313602344327,-0.2853314899618529,-0.1842746070946446,2.755042642899125,5.219089936074318,Normal
4237,0.1489513846153846,-0.16584923076923075,0.008896916466346156,0.06062760579376079,0.06124762974745704,-0.14033311696518766,-0.27633289826317897,2.431953452395747,6.884141261653388,Normal
4238,0.2275993846153846,-0.2323975384615385,0.010077100961538459,0.06850892968066763,0.06921298967403168,-0.10404942264536968,-0.2945758045065987,3.2883911775419032,6.868343379529366,Normal
4239,0.187128,-0.17502830769230768,0.011167646033653852,0.06422274730985564,0.06515558071333064,-0.19681358155842488,-0.21144638364580934,2.872017990651017,5.834316427739867,Normal
4240,0.1800350769230769,-0.1829556923076923,0.007339431490384619,0.06511502760746267,0.0654957516356955,-0.156263992982806,-0.3487597231605384,2.748805417555616,8.923818107914954,Normal
4241,0.2011052307692308,-0.18942276923076928,0.011468753004807687,0.06622942737063968,0.06718322568210677,-0.21082493118661452,-0.02407631373115171,2.9933845647841837,5.857936399357772,Normal
4242,0.18754523076923074,-0.2034,0.010659960937500004,0.0669646312866409,0.06777549297930917,-0.07188928311181576,-0.28192621639963056,2.767154062995683,6.357949468734548,Normal
4243,0.2342750769230769,-0.19463815384615385,0.008741269831730765,0.06858923974128174,0.06911077617918301,-0.015890688083035332,0.0436961756902301,3.3898487309080942,7.906262763827659,Normal
4244,0.23281476923076924,-0.2073636923076923,0.009563915264423085,0.06807294532203402,0.06870858055406769,-0.020862536041247125,-0.07379157576787865,3.3884380575663937,7.184147773627554,Normal
4245,0.19985353846153847,-0.16626646153846153,0.010440140625000009,0.06247071675112966,0.06330699696069901,0.011036885801602609,-0.032249147633105935,3.1568949414171006,6.06380691933438,Normal
4246,0.19818461538461532,-0.20235692307692305,0.009685132211538484,0.0697131046563756,0.07034893555789384,-0.11793359331275925,-0.1539365381192339,2.8171658009170413,7.263600952610941,Normal
4247,0.18086953846153844,-0.3079163076923077,0.011236912860576943,0.0699114345052174,0.07077502264123442,-0.4589446144003233,0.5866373302438923,2.5555560664160293,6.298440107116803,Normal
4248,0.1883796923076923,-0.22447015384615385,0.01125463701923081,0.061982707734435885,0.06296642835646958,-0.2885870831986111,-0.06456888754220412,2.991748098545865,5.594709829280037,Normal
4249,0.21904615384615386,-0.2559710769230769,0.012041630408653851,0.06742274143103018,0.0684571956897917,-0.3243954609297087,0.40462435671432,3.1997535341462715,5.68504374960671,Normal
4250,0.1706473846153846,-0.17231630769230769,0.010501665865384624,0.06156690384512354,0.062426492700089466,-0.3488924613037457,-0.02600191322409584,2.7335731551540463,5.9444371493344095,Normal
4251,0.19609846153846155,-0.16167692307692308,0.013433282451923082,0.06423038951475557,0.06558938301376023,-0.10921994742311697,-0.2842818424963713,2.9897896965629536,4.8826028372812615,Normal
4252,0.18796246153846152,-0.21883753846153844,0.012594135216346159,0.06615120253140755,0.06730765497825057,-0.35641484395853323,0.13641097004298786,2.7925866916504325,5.3443649621048,Normal
4253,0.20506892307692307,-0.23135446153846154,0.010079341947115385,0.06896809590424527,0.06966739747732037,-0.18344314920309887,-0.14131847663664174,2.9435421804536546,6.911899392128327,Normal
4254,0.238656,-0.19693292307692306,0.011955046874999995,0.0647742178590075,0.06583711022237153,-0.1352397784119181,-0.026343265538998573,3.624946465510335,5.507055799174485,Normal
4255,0.1910916923076923,-0.18066092307692305,0.012223150240384631,0.05970298379510359,0.060912812866201926,-0.2467479568274429,-0.05164629722343062,3.137134591492842,4.983397214978939,Normal
4256,0.18379015384615385,-0.1652233846153846,0.014023069110576913,0.06622570206110746,0.06766244918980395,-0.12539322198196193,-0.3360298373089741,2.7162799462164484,4.8250813467623495,Normal
4257,0.18963138461538465,-0.1802436923076923,0.014624875600961538,0.06492785636462586,0.06652365515862634,-0.11583703489432405,-0.3333401487406351,2.8505857677724813,4.548664684317222,Normal
4258,0.20798953846153845,-0.2065292307692308,0.015168416466346145,0.07278683380343462,0.07431574718809356,-0.3214227338387192,-0.20140348871569147,2.79872767658671,4.899374127350498,Normal
4259,0.18379015384615385,-0.17711446153846155,0.014511400240384616,0.06350623132598815,0.06511285308721737,-0.21157827112996347,-0.010363981706599024,2.82264015677474,4.48701379664321,Normal
4260,0.20506892307692307,-0.20173107692307693,0.014435410456730772,0.07245759352277631,0.07384684746550002,-0.2375442796608596,-0.3628193731093781,2.776948916779796,5.115673550596379,Normal
4261,0.21612553846153845,-0.2309372307692308,0.010097677283653848,0.067107505806086,0.06783054292534424,-0.1384515044004176,0.01593232064497574,3.1862569447425897,6.717440161723977,Normal
4262,0.1829556923076923,-0.1858763076923077,0.012482085937499998,0.06095909628648503,0.06219473427882528,-0.21563418081001895,-0.21458055771323087,2.941658878828607,4.98271960233612,Normal
4263,0.1940123076923077,-0.19985353846153847,0.012154902043269241,0.05865612778842254,0.05987422706952844,-0.270812704478465,0.12039073641666498,3.2403308934078194,4.925932504958664,Normal
4264,0.1983932307692308,-0.2021483076923077,0.008089143028846153,0.07071744495182118,0.0711442724916395,-0.11897970740186238,-0.4238614162699972,2.7886043924694706,8.79503208658033,Normal
4265,0.1933864615384616,-0.15187199999999998,0.013770448918269212,0.06491113864595506,0.06632470490456692,0.010318780471935057,-0.03287900102958918,2.915753063910662,4.816451903508691,Normal
4266,0.2292683076923077,-0.2225926153846154,0.01290379867788462,0.07399480734320431,0.07507591243735995,-0.2717555542249221,0.06543091699439607,3.053819797176613,5.818124903485204,Normal
4267,0.20778092307692309,-0.17148184615384612,0.012644048076923074,0.06257482408933351,0.06380953475029863,-0.22203319769446955,-0.054659835517708366,3.256267639154832,5.046606463539062,Normal
4268,0.20444307692307687,-0.29039261538461536,0.01141761778846153,0.07261807295844024,0.07347514359693515,-0.3545986236101666,0.32514299982221884,2.7824794469895364,6.435242881504407,Normal
4269,0.1929692307692308,-0.2102843076923077,0.013432467548076928,0.06529422697678768,0.06663035229374972,-0.19526681983154592,-0.1768671270353832,2.8961160210964745,4.9603955531825505,Normal
4270,0.15604430769230768,-0.17085599999999998,0.013685902644230759,0.06136932851993876,0.06284759732778762,-0.3303978400471,-0.2977171649995345,2.4829001318609483,4.592141195325599,Normal
4271,0.16751815384615384,-0.1635544615384615,0.01284960757211539,0.05991270976921065,0.06124654931936953,-0.2726320048054696,-0.08713832046116021,2.7351443584622555,4.766413991683224,Normal
4272,0.18963138461538465,-0.18796246153846152,0.014790708533653834,0.06761081407277396,0.06917747577319494,-0.21089253609928865,-0.21100013796538966,2.7412301836093227,4.677090053920874,Normal
4273,0.19860184615384616,-0.16981292307692308,0.011945471754807695,0.06134308567567282,0.06246594012903761,0.04317364364837741,-0.07367925233375283,3.179362157098554,5.229256860776297,Normal
4274,0.2154996923076923,-0.1718990769230769,0.012395909855769244,0.06254959825238003,0.06373609706080524,-0.061194333974405636,-0.1040401558129842,3.3811247039821435,5.141703820243698,Normal
4275,0.184416,-0.17732307692307692,0.014698420673076912,0.06200393800740945,0.06369283723917613,-0.10193533422942938,-0.0234090900601438,2.8953962171207785,4.333311629584957,Normal
4276,0.2490867692307692,-0.2455403076923077,0.010381060096153836,0.06846502768132061,0.0692145131201012,-0.2138374862923509,0.9742887436746468,3.598765027770306,6.667383916382978,Normal
4277,0.18358153846153846,-0.1921347692307692,0.012224983774038472,0.06433893614365614,0.06545919685704793,0.004238708847415682,-0.0863645771464645,2.8045186509460267,5.354542637190246,Normal
4278,0.2336492307692308,-0.2042344615384616,0.014424612980769259,0.06593877630616526,0.06746662628741534,-0.1650670405975083,0.432505624577924,3.4631823707007228,4.677187968742118,Normal
4279,0.2232184615384616,-0.1848332307692308,0.014040182091346156,0.06343981142795085,0.06494463876477682,-0.15028038990824627,0.19380603494578352,3.4370575583142,4.625626529787407,Normal
4280,0.21862892307692305,-0.15687876923076924,0.015390681490384616,0.06704448696413591,0.06875643021922483,-0.038462448051566185,-0.3117161575088674,3.179759658548892,4.46740647983526,Normal
4281,0.16897846153846155,-0.1860849230769231,0.015772056490384625,0.06053770264674981,0.06252993113945891,-0.17395300351247947,-0.061788755454886164,2.7023612286025585,3.964602281102661,Normal
4282,0.1839987692307692,-0.1873366153846154,0.015249703125000015,0.06501127365565591,0.06674497539005299,-0.1495355178997195,-0.4043010334831832,2.7567433826365684,4.376804901902175,Normal
4283,0.20173107692307693,-0.1975587692307693,0.016767461538461526,0.06472085357783493,0.06682698586753003,-0.1690235999053523,-0.2638842998016475,3.0187068039095006,3.985515977731095,Normal
4284,0.19150892307692308,-0.15562707692307692,0.015531659855769231,0.062150933469526284,0.06403279459317691,-0.1597838844362527,-0.6359862435221175,2.990794393617322,4.122727074105472,Normal
4285,0.22968553846153844,-0.18232984615384606,0.018009171274038463,0.06875993446763708,0.07104675728145297,-0.06521890522724651,-0.2575783067013693,3.2328785612499553,3.945032017318424,Normal
4286,0.16438892307692307,-0.18066092307692305,0.012934765024038465,0.06333680585029906,0.06461378793490004,-0.3215269099448756,-0.15620962817970474,2.5441771536834974,4.995358463398391,Normal
4287,0.19609846153846155,-0.18754523076923074,0.01894386598557696,0.06930695247627483,0.0718166613489639,-0.1687255801356757,-0.19707013587526268,2.7305427160641838,3.7910245671945737,Normal
4288,0.2011052307692308,-0.17669723076923075,0.01796353665865383,0.0648884642102776,0.06729851118680988,-0.1943240982443677,-0.18393134529413932,2.9882567566910203,3.7463954045145775,Normal
4289,0.19797599999999999,-0.15833907692307692,0.014820045072115413,0.0630627327269646,0.0647507397290597,-0.06995503863779229,-0.18582063057590487,3.0575094713728763,4.369132442848717,Normal
4290,0.20506892307692307,-0.16876984615384616,0.017393918870192333,0.06509331841788163,0.06734649719312111,-0.12700755694623586,-0.14955331461751076,3.0449827626353403,3.871841515170666,Normal
4291,0.20694646153846152,-0.2315630769230769,0.014708810697115387,0.0674331479792317,0.0689865052365772,-0.2855092891100515,0.2696574923819668,2.9998107721035394,4.690148419008918,Normal
4292,0.20277415384615385,-0.1802436923076923,0.0153057277644231,0.06123078537754838,0.0630857594339629,-0.15360807249992275,0.08996634359053335,3.214261913711515,4.1217092323176265,Normal
4293,0.22447015384615385,-0.1779489230769231,0.018231640024038445,0.0685953616763762,0.07094449449293698,-0.08044878158730356,-0.25856429642222123,3.164024995181289,3.891284294742357,Normal
4294,0.21633415384615384,-0.1666836923076923,0.01688195552884616,0.06470690126364194,0.06684231177155113,-0.10082940928757672,-0.20282668234377832,3.2364852159142137,3.9593939018105946,Normal
4295,0.2200892307692308,-0.18963138461538465,0.0156559326923077,0.06911135828876469,0.07082953931476732,0.07975123600973569,0.22499110285815416,3.1073085170179016,4.524134122623579,Normal
4296,0.2424110769230769,-0.20173107692307693,0.014678455528846168,0.0712161161099058,0.0726790161194531,-0.1107473773487176,-0.15790491907865167,3.33536541722933,4.951407590302941,Normal
4297,0.19860184615384616,-0.18232984615384606,0.016955704326923098,0.06581047840876808,0.06792853205247402,-0.22074176984646485,-0.10268664872110866,2.9236881786349875,4.00623475986272,Normal
4298,0.17398523076923075,-0.19735015384615384,0.013095912259615372,0.06326455504824931,0.0645755235811609,-0.2587536718923509,-0.012672403100584706,2.694290671148174,4.930967946409981,Normal
4299,0.1848332307692308,-0.1940123076923077,0.014576999999999991,0.06568131917036055,0.06724813522680208,-0.3717672976714568,-0.08522844868326063,2.7485257419534306,4.613304193373266,Normal
4300,0.17252492307692308,-0.1652233846153846,0.017806871394230782,0.058468155448167664,0.06109231921317669,-0.06491388196927571,-0.004026468811613171,2.8240034966574328,3.4308283505079893,Normal
4301,0.20486030769230767,-0.17085599999999998,0.013015440504807688,0.06502843364830882,0.06628702201180978,-0.05066793447389476,-0.16069730623451228,3.0905040153381687,5.092952634782085,Normal
4302,0.19714153846153845,-0.16584923076923075,0.013875164062499985,0.06362381322696424,0.06508883677288954,0.1000084354438438,-0.17102863820432426,3.0288072154279275,4.691031866700828,Normal
4303,0.1983932307692308,-0.20527753846153848,0.016734865384615372,0.06988835498518416,0.0718308288795327,-0.2249714399497408,-0.042307962816961815,2.761951015516688,4.292286028519113,Normal
4304,0.16334584615384615,-0.17085599999999998,0.012475159254807694,0.06389290645924355,0.06506878260529264,-0.2369066801720529,-0.4894469502525762,2.5103565736691644,5.215867892044453,Normal
4305,0.20861538461538465,-0.16313723076923078,0.014882792668269237,0.06336564147982998,0.06505982584969644,-0.2611946791037925,-0.3188462820613953,3.2065161855387596,4.371479687975956,Normal
4306,0.17961784615384613,-0.2004793846153846,0.015505379206730755,0.06070680211759195,0.0626269404206788,-0.1769818591197812,0.1158426193333706,2.8680603738153887,4.0390460359391245,Normal
4307,0.22697353846153845,-0.1850418461538461,0.015447113581730785,0.06701495010329378,0.06874031647957336,-0.16598996532568774,0.10466861756850944,3.301898363080495,4.450042793811794,Normal
4308,0.19881046153846152,-0.15416676923076922,0.01359646694711538,0.06270712709810522,0.06413429409536348,0.06315262775627074,-0.23359254537400045,3.0999087826996807,4.716982312009384,Normal
4309,0.18754523076923074,-0.17565415384615385,0.016958963942307673,0.06670956382461896,0.0687999018787465,-0.0012358599397539686,-0.40323940270574976,2.725952009346786,4.056845813977515,Normal
4310,0.1821212307692308,-0.1908830769230769,0.01570462319711537,0.06685179954183648,0.0686398854504688,-0.23730400673798224,-0.2596962143139083,2.653285761973645,4.370680186906784,Normal
4311,0.19651569230769228,-0.19317784615384606,0.018434551081730772,0.06135331000434883,0.0640342511280887,-0.2444462717641936,-0.06242345234556135,3.068915289016169,3.4735997011366706,Normal
4312,0.2232184615384616,-0.2150824615384616,0.017260885817307694,0.06610822368145841,0.06829324673142348,-0.2364206975591945,0.43617300280704985,3.2685290599275763,3.9565319795433114,Normal
4313,0.22342707692307687,-0.1829556923076923,0.01977486418269231,0.06779256990390414,0.07058604444159275,-0.1426360406098093,-0.15728128521719098,3.1653151652088143,3.569483147367063,Normal
4314,0.17648861538461538,-0.19192615384615386,0.017544064903846145,0.06281573615023497,0.06519016478593463,-0.10545749863181247,-0.2776439907494668,2.7072889900516777,3.7157959197724537,Normal
4315,0.20778092307692309,-0.1850418461538461,0.0175793094951923,0.06839576500821178,0.07058643249865519,-0.16619177856576367,-0.2288304861917085,2.943638256273707,4.0153131451471165,Normal
4316,0.2209236923076923,-0.19359507692307693,0.018939384014423074,0.06559696341364704,0.06824558421605575,-0.21145235982151755,-0.005885409735070901,3.237186623068234,3.6033687349115526,Normal
4317,0.2307286153846153,-0.2705741538461538,0.0193885997596154,0.06891875218070306,0.07156167781493014,-0.2141297916620469,0.4614444387094356,3.224192367055956,3.6909152131752334,Normal
4318,0.214248,-0.1733593846153846,0.016966501802884608,0.062384247540838926,0.06462086307263766,-0.23287022502685664,0.004875870453890485,3.3154617535697817,3.8087322786628266,Normal
4319,0.19964492307692308,-0.1777403076923077,0.016434369591346178,0.06165213367193194,0.06377587467201136,-0.06807760368506519,-0.10971942427199766,3.1304145039744804,3.8806401619197928,Normal
4320,0.19067446153846154,-0.15479261538461536,0.020361798677884627,0.061164248589222224,0.06443612935919947,-0.010130298558925692,-0.1433762814093278,2.959123451930918,3.1645597905446783,Normal
4321,0.17711446153846155,-0.17815753846153848,0.014230462139423063,0.06356396795459983,0.06510713012545326,-0.1289141804904167,-0.1943202518257725,2.720354302166049,4.575194360349344,Normal
4322,0.2232184615384616,-0.16584923076923075,0.016547030048076946,0.06552214274976745,0.0675482262052333,-0.08513854197718347,-0.31070228475304473,3.3045791737040116,4.082196382612092,Normal
4323,0.17419384615384614,-0.17481969230769231,0.016778055288461553,0.06407325023295847,0.06620328823524572,-0.2454034208726674,-0.3862986737709351,2.6311962864271705,3.945826086338768,Normal
4324,0.2165427692307693,-0.2092412307692308,0.014637710336538478,0.06266974236975129,0.06432669528804102,-0.2058752778011087,0.317717244007679,3.3662971222310984,4.394587255048319,Normal
4325,0.1944295384615385,-0.16647507692307692,0.01658370072115384,0.061780659282082165,0.06393857676313121,-0.10141196895064077,-0.2932673825414773,3.0408799867696152,3.8555071535735337,Normal
4326,0.1704387692307692,-0.19964492307692308,0.016319468149038452,0.06189400082330322,0.0639800851609144,-0.27536858796323266,0.0251044248983332,2.66393470408962,3.9204761194796736,Normal
4327,0.17481969230769231,-0.200688,0.015474209134615394,0.06401561603987095,0.0658289320364752,-0.3198552274031572,0.0308758681826089,2.6556665420430385,4.254106394957376,Normal
4328,0.1944295384615385,-0.20673784615384616,0.016539084735576918,0.06853142605744869,0.07046638347850921,-0.10806894136600352,-0.17002245059804502,2.7591814545276816,4.260597524295299,Normal
4329,0.16605784615384614,-0.22405292307692307,0.017235623798076933,0.0624476172361342,0.06475309506590901,-0.3301527246213684,-0.053340469145205294,2.5644773579521405,3.7569336523308112,Normal
4330,0.2029827692307692,-0.18984,0.01614202283653848,0.06663658307485809,0.06853220223822197,-0.07713529815988351,-0.2438936270291907,2.9618597185187348,4.2455770836288895,Normal
4331,0.2361526153846153,-0.20632061538461532,0.014270799879807715,0.06681514544878955,0.06829026107777478,0.09489368808149716,0.13293152880917836,3.4580716438565755,4.78531418371308,Normal
4332,0.17273353846153844,-0.2221753846153846,0.01534300961538464,0.07054755055408325,0.07216304125919745,-0.3574727082392527,-0.11235108718970332,2.3936565788726774,4.703317215342068,Normal
4333,0.20861538461538465,-0.14311015384615386,0.013426355769230763,0.059035599592903436,0.06051500252779146,0.12119606429476412,-0.2415947024125864,3.4473333206848698,4.507180024714819,Normal
4334,0.19985353846153847,-0.19630707692307686,0.012772191706730777,0.06786430028467047,0.06902314476867186,-0.20247139846680146,-0.11188293526011163,2.8954568664082045,5.404173876618026,Normal
4335,0.17481969230769231,-0.2134135384615385,0.01648937560096154,0.0643212407533314,0.06637078622320569,-0.31014932741175033,0.019517732032641174,2.6339855568347756,4.025063642757669,Normal
4336,0.21633415384615384,-0.2056947692307692,0.012710870192307705,0.07251873517686341,0.07358938417179495,-0.08926581260028027,-0.09211641879917876,2.9397467621297144,5.789484359326504,Normal
4337,0.2138307692307692,-0.1983932307692308,0.0114290264423077,0.06320415493560827,0.06419880613104599,-0.19138372884849209,0.3030492209239739,3.330759279141213,5.617171896059,Normal
4338,0.18337292307692307,-0.187128,0.012609210937500016,0.06245756295834374,0.06368775276644999,-0.11621600102252523,-0.14309285341441047,2.8792493864459594,5.050891216122135,Normal
4339,0.2134135384615385,-0.21633415384615384,0.008489464543269232,0.0675694274182763,0.0680679066024403,-0.0916329610724304,-0.15447013452134284,3.1353033920671125,8.017926955876991,Normal
4340,0.18900553846153845,-0.20506892307692307,0.011459585336538463,0.06461523210687017,0.06559247702791486,-0.2915296201748989,-0.0668929978675541,2.881512439011892,5.723808942612929,Normal
4341,0.1656406153846154,-0.18253846153846154,0.008588679086538457,0.06304376867271533,0.06359560372288874,-0.1307644481039312,-0.13560471320400902,2.604592231034982,7.404584928847308,Normal
4342,0.1869193846153846,-0.19609846153846155,0.009608123798076938,0.06828356264545922,0.0689232007838323,-0.1207150095684026,-0.3012916157625853,2.7119951263092137,7.173429717634076,Normal
4343,0.23823876923076925,-0.19818461538461532,0.009090048677884629,0.07106154666682016,0.07160615203733234,-0.17862932448852625,-0.0949285030324778,3.327071242517848,7.8774222861473175,Normal
4344,0.19964492307692308,-0.16897846153846155,0.00923082331730768,0.06344820636703337,0.06408550278474122,-0.0016885024746459178,-0.1881881531550373,3.1152899548516704,6.9425554559777645,Normal
4345,0.17815753846153848,-0.1635544615384615,0.010678092548076914,0.0598618922788777,0.060778025210968485,-0.20064115570872465,-0.2641165524242313,2.9312821178893245,5.691842895847012,Normal
4346,0.2134135384615385,-0.14957723076923074,0.007679653846153844,0.0614361097768041,0.06188446278765191,0.059429965214345376,-0.18146043484289895,3.4485802873305684,8.058235960549856,Normal
4347,0.22676492307692306,-0.2284338461538461,0.008358468749999992,0.06637070908256434,0.0668627938153584,-0.2158025440090001,-0.04447592314748317,3.3914963784363303,7.999407046339494,Normal
4348,0.173568,-0.20798953846153845,0.00899287139423078,0.06553333204553116,0.06611577256898868,-0.22395998653514887,0.06336540252776945,2.625213216995838,7.35202024699298,Normal
4349,0.15750461538461538,-0.17273353846153844,0.0051632307692307785,0.06425610336445241,0.06443193070665566,-0.12362102359111787,-0.4371863593500192,2.4445118073785355,12.4789949522738,Normal
4350,0.18629353846153845,-0.2034,0.005817802283653834,0.06383488022890757,0.06406839603577204,-0.18192008834238926,0.017475277278415025,2.9077290831117897,11.012473939821529,Normal
4351,0.17961784615384613,-0.19672430769230767,0.008251105168269234,0.06520403102899243,0.06569242330235223,-0.23041116406075685,-0.26318441424011185,2.734224696311585,7.96165143488675,Normal
4352,0.1846246153846154,-0.20152246153846154,0.006156394831730768,0.064443334844331,0.0647054015858641,-0.1106594698636181,-0.2460055474441125,2.8533107106926523,10.510274820640973,Normal
4353,0.15833907692307692,-0.14916,0.0073559332932692295,0.05788137602066151,0.05831887955491818,-0.09806955475328116,-0.2561794297421014,2.7150569100692503,7.9281414376447215,Normal
4354,0.22697353846153845,-0.2238443076923077,0.008492520432692309,0.06784067126086175,0.06833728917276066,-0.1294300500228835,0.2154187387644373,3.3213717021717977,8.046761819929621,Normal
4355,0.1693956923076923,-0.2261390769230769,0.00824112259615384,0.06392164595042582,0.06441973851947214,-0.29139046578676203,-0.026059089067306033,2.6295619355314384,7.8168644827025195,Normal
4356,0.1800350769230769,-0.19797599999999999,0.007719176682692309,0.06672538498071665,0.06713802769462958,-0.16621597457148227,0.1254176756420029,2.6815663656660877,8.697563283551249,Normal
4357,0.2125790769230769,-0.20944984615384613,0.011243228365384623,0.06804901140045491,0.06893878443940668,-0.12629300083140452,0.2171622416491621,3.083591894631127,6.131582691289427,Normal
4358,0.2073636923076923,-0.22676492307692306,0.00652737980769231,0.06919977888673612,0.06947330212939236,-0.17044452428032816,0.01200337268643592,2.9847968349263487,10.643367503683525,Normal
4359,0.18984,-0.22467876923076924,0.01010093689903848,0.06770850460601098,0.0684250942891165,-0.15414627822483395,-0.22338395113425635,2.7744207292995338,6.774133426734897,Normal
4360,0.1829556923076923,-0.1712732307692308,0.011421081129807687,0.0651392674610193,0.06610160046163127,-0.09831195545987492,-0.19878879490744292,2.7677951975442574,5.787683294632572,Normal
4361,0.1775316923076923,-0.19985353846153847,0.008532246995192314,0.0619366327556423,0.062491595267685614,-0.20657848533169085,-0.08160250044740369,2.8408891075228144,7.324166225250852,Normal
4362,0.18629353846153845,-0.19046584615384607,0.009311906249999993,0.06435238691307958,0.06499151582929275,-0.07828737041911125,-0.1490056936717159,2.8664285804759286,6.979399715207914,Normal
4363,0.1977673846153846,-0.22467876923076924,0.012848792668269236,0.06751622397771725,0.06869556296581654,-0.11857385417484692,-0.054518001189832965,2.8788960462234687,5.346460538309084,Normal
4364,0.18358153846153846,-0.2301027692307692,0.012209093149038465,0.06421444888942406,0.06533399230624683,-0.012747582528120359,-0.16284744848699573,2.809893165582437,5.35125676483124,Normal
4365,0.1585476923076923,-0.1625113846153846,0.011920617187499996,0.0620595277425392,0.06316426980192076,-0.09979090124440776,-0.4410517391931181,2.5100850972375373,5.298741567521777,Normal
4366,0.1940123076923077,-0.19651569230769228,0.01166595973557693,0.0676478371527696,0.06861381430525416,-0.15668230757510218,-0.1436153016100059,2.827598343814141,5.881540469920106,Normal
4367,0.20861538461538465,-0.15875630769230767,0.012151031250000006,0.06593589534440156,0.06701450744826842,-0.05562055484505414,-0.5623073999153658,3.1129884044350318,5.515129215741947,Normal
4368,0.21091015384615386,-0.21195323076923075,0.00831242668269231,0.06519716251843143,0.06569334359649827,-0.08702273996289736,0.057131387779446825,3.2105254855287386,7.90302833386566,Normal
4369,0.16814400000000002,-0.19881046153846152,0.010577655649038457,0.06330508543835166,0.06415221768667642,-0.3756097571794288,-0.2360858083148045,2.6210161715878035,6.06488051939071,Normal
4370,0.18629353846153845,-0.17398523076923075,0.01015370192307693,0.06741625474129292,0.06814404329786107,-0.012889330303565387,-0.4344367545072645,2.7338198534425078,6.711251109606242,Normal
4371,0.2034,-0.18754523076923074,0.008182856971153837,0.06542266516140204,0.06590071665275649,-0.20464687893955785,-0.11924275286083975,3.086461124114228,8.053509536469884,Normal
4372,0.23844738461538464,-0.1839987692307692,0.011763137019230764,0.06346065223100783,0.06451118436760479,-0.11140223224448233,0.16152521811142284,3.69621774817584,5.484182005373208,Normal
4373,0.20277415384615385,-0.20173107692307693,0.010197706730769245,0.07148272628420377,0.07217190145690075,-0.22884576925891095,-0.1951472057650987,2.809599716133924,7.077267797782276,Normal
4374,0.16793538461538465,-0.19067446153846154,0.00913160877403846,0.06109949373374175,0.06174859318920981,-0.22357358610507466,-0.16354989371092854,2.7196633306413585,6.7620716915472325,Normal
4375,0.1666836923076923,-0.20944984615384613,0.009869300480769248,0.06314646580700077,0.06388258930430606,-0.25769107905977634,0.0017700798283102337,2.6092194152258146,6.4728588848605835,Normal
4376,0.1704387692307692,-0.1821212307692308,0.009964033052884609,0.058320048060548586,0.05913703111197991,-0.17502478163956858,-0.10167300885160337,2.8820988478104703,5.935049672969482,Normal
4377,0.18754523076923074,-0.16480615384615382,0.009519910456730788,0.062395374197260586,0.0630873163169044,-0.021897606667293932,-0.1587927399339515,2.972788219856129,6.626881272008212,Normal
4378,0.1881710769230769,-0.21320492307692307,0.011080655048076931,0.06686145176270891,0.06774119109256238,-0.19313462884030214,-0.11856467787688407,2.777794040644453,6.1134644837011685,Normal
4379,0.1848332307692308,-0.1929692307692308,0.01264567788461538,0.06638783641341231,0.06754964059960714,-0.17713420676635105,-0.045243754112212375,2.736257796911296,5.341717637912273,Normal
4380,0.19192615384615386,-0.1913003076923077,0.010169592548076931,0.0606624064943847,0.061479707993974814,-0.21000326539590136,-0.0741284710965111,3.121780504633548,6.045444564600637,Normal
4381,0.200688,-0.21362215384615385,0.01147201262019232,0.07332255207069177,0.07417919872635323,-0.2575192104277433,-0.102927848204597,2.7054484740437448,6.466101562317637,Normal
4382,0.21091015384615386,-0.19568123076923075,0.013130138221153841,0.06489035015349973,0.06617436063036257,-0.016200300670841508,0.008868096993153163,3.1871883889329586,5.039883016901503,Normal
4383,0.17523692307692307,-0.17481969230769231,0.010890374999999994,0.06431394927659621,0.0651985045785529,-0.14379953248897198,-0.32776187093145204,2.6877445151490083,5.986800691303372,Normal
4384,0.16897846153846155,-0.17586276923076924,0.010199132812499994,0.06043377233296415,0.06125925650116735,-0.19907606991354565,-0.17461207224556885,2.758415155352751,6.006320108518285,Normal
4385,0.1994363076923077,-0.1829556923076923,0.014783578125000025,0.06663475874393092,0.06822323014153803,-0.2407981153237209,-0.08795401700162175,2.9232903115046143,4.6147982284591835,Normal
4386,0.20527753846153848,-0.2309372307692308,0.009118977764423084,0.07265375079089473,0.0731885811337764,-0.04676307321686999,-0.2571175429256014,2.8047754893119974,8.025963328841026,Normal
4387,0.19046584615384607,-0.2225926153846154,0.011044799278846149,0.06686484881966126,0.06773868523735088,-0.12060384441403604,-0.02757844456737324,2.8117735897363407,6.133084316623955,Normal
4388,0.18358153846153846,-0.1812867692307692,0.01239957692307692,0.06550108004740826,0.06663295851012012,-0.23989972401305426,-0.08871272004028308,2.7551161252078638,5.373809035863892,Normal
4389,0.16584923076923075,-0.19588984615384614,0.008857597355769242,0.0645621656348721,0.06513570206157299,-0.1834222201641928,-0.13744409917449207,2.5462108416740943,7.353653529887309,Normal
4390,0.17419384615384614,-0.19067446153846154,0.011496663461538477,0.06474636079252286,0.06572800519965509,-0.2093962944082247,-0.11981137739631498,2.650222620094977,5.7171374477077554,Normal
4391,0.1635544615384615,-0.2140393846153846,0.009442698317307707,0.06190607709252353,0.06259220711166423,-0.3291968192860746,-0.07229886260195427,2.61301636554661,6.628635693775975,Normal
4392,0.1940123076923077,-0.21842030769230766,0.012888315504807714,0.06634797883245568,0.06755637712722498,-0.2736941625208699,0.04376625376549992,2.87185778667402,5.24167623783143,Normal
4393,0.21842030769230766,-0.22405292307692307,0.009706727163461527,0.0674172036105572,0.06807981595779787,-0.30054685112897744,0.0460190598014627,3.2082975639608757,7.013673590627621,Normal
4394,0.18921415384615384,-0.2042344615384616,0.012947803485576913,0.07480087971091,0.07587722442114064,-0.06718611566317477,-0.2851398276604824,2.493688393185817,5.860239113581188,Normal
4395,0.19463815384615385,-0.1908830769230769,0.011499719350961552,0.06273029688925894,0.0637455161677508,-0.31795631381757256,-0.12702995416534746,3.0533622683978257,5.543223640707432,Normal
4396,0.16480615384615382,-0.16438892307692307,0.009509112980769228,0.05751164811147474,0.058264764911080624,-0.2532183369139636,0.025993175521600083,2.828573222558588,6.127255510467956,Normal
4397,0.2428283076923077,-0.1787833846153846,0.012376555889423085,0.0716302674721772,0.07265716560641639,0.075320006692781,-0.030752923608170942,3.3421109351788894,5.87054801477596,Normal
4398,0.184416,-0.208824,0.010161850961538472,0.06423857485238495,0.06500636766186442,-0.2400732011419847,0.003467529522941604,2.836891317466834,6.397099102113053,Normal
4399,0.19171753846153847,-0.20965846153846154,0.009617902644230772,0.06381878406434595,0.06450863407829945,-0.30313850678047144,0.007823168956334392,2.97196710488142,6.7071415114598265,Normal
4400,0.21883753846153844,-0.1814953846153846,0.0124215793269231,0.06929987018199754,0.07037100060498779,-0.05034854809278145,0.050911084376292326,3.109768748208301,5.665221688232707,Normal
4401,0.18775384615384613,-0.16856123076923074,0.012502865985576936,0.060481608068481726,0.0617314691421411,-0.2375025049429305,-0.16310843484522095,3.0414608426300296,4.937385493322356,Normal
4402,0.1883796923076923,-0.181704,0.010012927283653841,0.0675218799635738,0.06822763837829482,-0.08759863389780281,-0.3983534322289613,2.7610466489137817,6.813955244604326,Normal
4403,0.1787833846153846,-0.18858830769230767,0.010177334134615384,0.06261433542014057,0.0634058708890682,-0.11121949326483184,-0.19464603494058166,2.819666098872378,6.230106042545138,Normal
4404,0.18316430769230768,-0.184416,0.012743058894230764,0.061088985653939276,0.06237471699019765,-0.14518485406757545,0.13219735207931382,2.9365152505796934,4.894799396904373,Normal
4405,0.1783661538461538,-0.19380369230769232,0.00860110637019231,0.061346385189173964,0.061916741127007235,-0.2435116759676449,-0.2990625144410415,2.880741954430042,7.198694965752745,Normal
4406,0.2209236923076923,-0.214248,0.011015462740384629,0.07128941547446302,0.07210102711423916,-0.26848713776020394,0.08132161863718458,3.0640852308199964,6.545437882505298,Normal
4407,0.1792006153846154,-0.1802436923076923,0.01247597415865384,0.061834951734135835,0.06305138571539319,-0.20948417531072244,-0.1543236662926284,2.842136034781324,5.053824648366893,Normal
4408,0.1783661538461538,-0.22488738461538466,0.010897912860576935,0.0666366449647877,0.06748978135464448,-0.376794934997563,0.09906583076277233,2.642861634250636,6.192908882469405,Normal
4409,0.181704,-0.1800350769230769,0.014282004807692313,0.06120219345721114,0.06281740385322737,-0.059633848596083415,-0.455211611739998,2.8925741729879624,4.398360363202917,Normal
4410,0.20486030769230767,-0.1883796923076923,0.012951063100961521,0.06919914254662951,0.0703674290724999,0.08284991178664992,-0.4812889692637614,2.9112944780352725,5.433332269632417,Normal
4411,0.16084246153846155,-0.1923433846153846,0.012687645432692324,0.060309555650760335,0.06160086732170453,-0.20198104637984124,-0.09759726077224506,2.611042157872185,4.855185120714143,Normal
4412,0.17315076923076922,-0.1848332307692308,0.012811103365384607,0.06369072567174441,0.06493590279586639,-0.2276586056425865,-0.3381654392684599,2.6664874403161667,5.068720542160493,Normal
4413,0.2008966153846154,-0.2415766153846154,0.014593501802884622,0.06482182001668453,0.06641336656190099,-0.2562746969416373,0.07711966441914209,3.0249425045689926,4.5508862409413915,Normal
4414,0.208824,-0.18316430769230768,0.013800192908653844,0.06518473944156443,0.06659839425421618,-0.07770495960889047,-0.13447339418409587,3.135571095046032,4.825903137372347,Normal
4415,0.18107815384615386,-0.1614683076923077,0.013370738581730771,0.06247247036111581,0.06385745740152322,-0.004535888766186205,-0.22664708861463898,2.8356618195361234,4.775910994832809,Normal
4416,0.16584923076923075,-0.206112,0.015777149639423088,0.06972731969058944,0.07145676744457162,-0.2682663833222326,-0.398606860089938,2.3209730400675967,4.529130361166083,Normal
4417,0.19568123076923075,-0.2071550769230769,0.013366256610576941,0.06382030882771622,0.06517446635385091,-0.1869808114943312,0.19320215805226848,3.0024216800920334,4.87604482337091,Normal
4418,0.18963138461538465,-0.2238443076923077,0.01281864122596155,0.06832005066252074,0.06947941172497825,-0.3528264408304603,0.11481666737842433,2.7293176483129478,5.420185376922934,Normal
4419,0.20673784615384616,-0.1908830769230769,0.014196643629807703,0.05972205627597332,0.06135784845698505,-0.09225544922731063,0.22180858015619756,3.3693790012663145,4.321996808327023,Normal
4420,0.23281476923076924,-0.1921347692307692,0.013715035456730765,0.06574260833564513,0.067126536904565,-0.0690485924733954,0.3240785907531132,3.4682970396903707,4.894375746700831,Normal
4421,0.2315630769230769,-0.21821169230769227,0.012419134615384629,0.06657325986765847,0.06768977552073382,-0.2063176970921293,0.5000598398606857,3.420946149424703,5.4504422101102605,Normal
4422,0.2230098461538461,-0.17565415384615385,0.015684861778846173,0.06613046699316479,0.0679336647978897,-0.08520702572358685,-0.2448798060560637,3.2827589504750776,4.331161202166942,Normal
4423,0.15646153846153846,-0.18107815384615386,0.010096862379807692,0.06371582341174857,0.06448013823003043,-0.19661123711930067,-0.14599348887674513,2.426507491397861,6.386155996241134,Normal
4424,0.22780799999999998,-0.20632061538461532,0.014616115384615382,0.0718241833670907,0.07326190237301289,-0.13356507508135193,-0.09151208974317047,3.109501563856694,5.012405857860621,Normal
4425,0.22113230769230768,-0.18316430769230768,0.014334769831730775,0.0640632843867095,0.06561693468977145,-0.24023071293831036,0.08105247536633131,3.3700493437828696,4.57746691854967,Normal
4426,0.16230276923076925,-0.20444307692307687,0.015364400841346175,0.06279149980048948,0.06461413852006738,-0.43140744593303504,0.06380910510423997,2.511877012495685,4.205444728191959,Normal
4427,0.21967199999999998,-0.2042344615384616,0.015091204326923088,0.06658844413836773,0.06824540455061694,-0.0537935077638031,0.07803243023924455,3.2188540964259573,4.5221973722047775,Normal
4428,0.20360861538461536,-0.15354092307692307,0.014935150240384625,0.06045164801869295,0.06224059534718158,-0.15819971205225825,-0.20305555021077204,3.2713153569446916,4.16738997234076,Normal
4429,0.1940123076923077,-0.22280123076923075,0.017654891826923102,0.0729959878827809,0.07506601043658429,-0.26985689732691764,0.046505598591937584,2.58455600029802,4.251853320455421,Normal
4430,0.2127876923076923,-0.165432,0.013515384014423079,0.06634398939736412,0.06767490059118121,-0.05326916367323061,-0.2532117172713684,3.1442630938333567,5.007249554948735,Normal
4431,0.1883796923076923,-0.19359507692307693,0.017096886418269244,0.06591996174443929,0.06806982654974919,-0.28434481333936484,-0.09707034362786393,2.7674478084649445,3.981416550618931,Normal
4432,0.1948467692307692,-0.2428283076923077,0.016968335336538437,0.06623755528706296,0.06834510626796073,-0.2735299649489164,0.1817622989181249,2.8509249582089065,4.027802663752826,Normal
4433,0.18545907692307687,-0.17669723076923075,0.012762209134615407,0.06050534409728293,0.061807730519147126,-0.3200091680164287,-0.07323787905641277,3.000580596720412,4.843027556373744,Normal
4434,0.2138307692307692,-0.16647507692307692,0.016788649038461542,0.06250833062039783,0.06469416062698985,-0.14354601674803413,-0.11859853724602497,3.3052561028446337,3.8534464851090977,Normal
4435,0.1852504615384616,-0.18650215384615385,0.015225459735576931,0.05985322718079665,0.061731069827260586,-0.15561372185628214,-0.004844179958963579,3.0009274431309865,4.054463438172261,Normal
4436,0.20256553846153846,-0.20256553846153846,0.014034681490384627,0.06416767242808652,0.06565395253041607,-0.1669823230645759,-0.00889300565028961,3.0853517671718875,4.677979516342896,Normal
4437,0.22447015384615385,-0.1704387692307692,0.01713111237980769,0.06950574283737665,0.07155281600434743,-0.014886349855986424,-0.20372059188654967,3.13712536250866,4.1767758227239336,Normal
4438,0.18337292307692307,-0.200688,0.01360909795673076,0.06553189221416808,0.06689874936159378,-0.26514043289736605,-0.15294534963435735,2.7410515865666767,4.915737220372283,Normal
4439,0.1921347692307692,-0.1983932307692308,0.012448878605769249,0.06497144691067969,0.06612216829289329,-0.3328356539175896,-0.12471073866186312,2.9057542151324087,5.311495949703449,Normal
4440,0.18379015384615385,-0.2438713846153846,0.012978362379807706,0.06571907161262101,0.06695682559523193,-0.0974437558220184,0.07967601522417889,2.7449054254334566,5.159112038619467,Normal
4441,0.1650147692307692,-0.1760713846153846,0.015255407451923116,0.05582362549324712,0.05784428563235365,-0.311073407265877,-0.19086016289279065,2.8527410690066954,3.791723414444871,Normal
4442,0.1975587692307693,-0.2261390769230769,0.014196032451923085,0.06756123208140423,0.0690042743501622,-0.3560463591558361,0.4758675852556067,2.862993214424041,4.860814074908264,Normal
4443,0.1775316923076923,-0.17544553846153846,0.012402225360576915,0.06751481251135401,0.06861205204926908,-0.00968132855953939,-0.4991864423799814,2.587470961810179,5.532237163450273,Normal
4444,0.208824,-0.17982646153846152,0.016319468149038455,0.06304387918786954,0.06509204533645015,-0.08534118827695011,0.2627529242544844,3.2081339420296726,3.9886131546686077,Normal
4445,0.17231630769230769,-0.17377661538461536,0.012728390625,0.06841192057153149,0.06955308983277092,-0.16411284392937528,-0.5781410570195757,2.477478831014038,5.4644056646219505,Normal
4446,0.18545907692307687,-0.17982646153846152,0.014785411658653854,0.05838303664986715,0.06019849396767914,-0.20104712217546272,-0.012729620190764734,3.0807926361521725,4.071479060405136,Normal
4447,0.22488738461538466,-0.21195323076923075,0.014103133413461531,0.06669060141724235,0.06813362822153375,-0.09107086934162836,0.07812423065894869,3.3006811832208967,4.831098609370012,Normal
4448,0.1800350769230769,-0.1792006153846154,0.01328191406250002,0.0655143643680573,0.06681578888719325,-0.17247910071227904,-0.16644145997291826,2.694499008715359,5.03058433993637,Normal
4449,0.19568123076923075,-0.19046584615384607,0.014358809495192313,0.0648994396459378,0.06643793687712828,-0.0706378041947761,-0.3158454457070441,2.945323710625268,4.626980871873349,Normal
4450,0.1839987692307692,-0.235944,0.015500489783653863,0.06652553602371178,0.06827583910822571,-0.2220032494902965,-0.07927277960778456,2.69493237482015,4.4047536601215285,Normal
4451,0.2438713846153846,-0.2154996923076923,0.01569117728365387,0.07317616140925698,0.07480464153051766,-0.12270329431435888,-0.10817307846007784,3.2601103303983305,4.7673058673834925,Normal
4452,0.18858830769230767,-0.21883753846153844,0.013011569711538464,0.06405113883249126,0.06532872979929541,-0.19806730878526907,-0.08053867985785867,2.886759137544745,5.020818490590177,Normal
4453,0.19067446153846154,-0.1867107692307692,0.014924352764423087,0.06439223407824245,0.06606850184106312,-0.14495214937984646,-0.2310347336457079,2.8860115822991603,4.4268922668833115,Normal
4454,0.1992276923076923,-0.13706030769230768,0.01549437800480771,0.058839448597978385,0.06081755933014224,-0.0013918516317158358,-0.4848194826047156,3.2758251811159345,3.925137189196709,Normal
4455,0.20444307692307687,-0.1881710769230769,0.012622249399038459,0.06409358655213207,0.0652939301170866,-0.1175162355485874,-0.098272559138187,3.1311191799370133,5.172923466562193,Normal
4456,0.20381723076923075,-0.1929692307692308,0.016421738581730776,0.0632499132566664,0.06531705930629436,-0.1286328816716581,-0.15613701509946498,3.1204287659899235,3.977475282608612,Normal
4457,0.1869193846153846,-0.1794092307692308,0.016053198317307688,0.06496006406041424,0.06688343734303931,-0.1911411018367132,-0.13844054160895736,2.7947036223137185,4.1663621180664805,Normal
4458,0.16772676923076926,-0.1992276923076923,0.012685608173076924,0.066419730315579,0.06758843869893444,-0.3323023080302381,-0.20492852591594124,2.481589639581563,5.327962031996194,Normal
4459,0.21174461538461534,-0.1942209230769231,0.016034251802884602,0.06991385174461938,0.07169567986448795,-0.2187070955350825,-0.18561850885227396,2.9533803959294893,4.471407880197424,Normal
4460,0.1867107692307692,-0.1802436923076923,0.015488062499999997,0.06039263590138552,0.062318446414779766,-0.21835787885661964,-0.2104483916683764,2.996075479610928,4.023643784674796,Normal
4461,0.2238443076923077,-0.2209236923076923,0.01469903185096154,0.07169527790528682,0.07315227045100647,-0.1449682979239336,-0.0659920687515334,3.0599775825444384,4.9766726946864335,Normal
4462,0.20944984615384613,-0.22697353846153845,0.015497841346153866,0.06623836047017426,0.06799572630892953,-0.22304584101017205,-0.17452412468952438,3.0803383907135373,4.3874320810365095,Normal
4463,0.16647507692307692,-0.1637630769230769,0.017477039062499988,0.059930060880490674,0.06239833056857524,-0.4150371430844304,-0.0994249939435452,2.667941199806976,3.5703033188534583,Normal
4464,0.2401163076923077,-0.21862892307692305,0.01488503365384616,0.06835143315999315,0.06992081393672395,-0.2812912265391939,-0.026466308101254388,3.434117742244893,4.6973903830346435,Normal
4465,0.17398523076923075,-0.18754523076923074,0.014521790264423068,0.06347948495757254,0.06508910970935941,-0.17636944438783114,-0.20119568375667152,2.6730313495778657,4.482168418918789,Normal
4466,0.2344836923076923,-0.2365698461538461,0.018665983774038483,0.07126229439278198,0.07363269831245198,-0.19106401960578476,0.17977890564955154,3.1845049506767693,3.944753151176728,Normal
4467,0.17481969230769231,-0.2004793846153846,0.014307470552884604,0.06249280585787175,0.06407995535646323,-0.15922035906245582,-0.37347484679355336,2.7281494085819404,4.478775973684862,Normal
4468,0.1921347692307692,-0.21842030769230766,0.013891869591346149,0.0626519728349585,0.06414374848466396,-0.10521991012594477,-0.2515883188495169,2.9953779404817045,4.617358956826222,Normal
4469,0.19964492307692308,-0.18900553846153845,0.015635967548076925,0.06807819755524533,0.06981832457851721,-0.20971204002395066,-0.3041319051641005,2.8594917492241416,4.465238519064603,Normal
4470,0.187128,-0.2154996923076923,0.012533628605769244,0.06725497591643201,0.06838059968299973,-0.4129751196320362,0.2158853618392076,2.7365656467988297,5.455770378541779,Normal
4471,0.2361526153846153,-0.19526400000000002,0.014394257812500012,0.06953351158982364,0.0709745186735072,-0.030230302025051,-0.012205781391443349,3.327287310970726,4.930752220644036,Normal
4472,0.18107815384615386,-0.18775384615384613,0.01619743629807691,0.06694712491807724,0.0688469142724227,-0.2714541399453831,-0.25567764427333595,2.630156423999477,4.250482175416661,Normal
4473,0.16459753846153846,-0.17252492307692308,0.013278043269230795,0.06064760272329602,0.06205518691969529,-0.1195821704711908,-0.2396641631554073,2.652438041553911,4.673518956177508,Normal
4474,0.1908830769230769,-0.17502830769230768,0.015500082331730778,0.06465896449452795,0.06646014931653707,0.031614531384208486,-0.3272959601537377,2.8721433654013784,4.287728793574477,Normal
4475,0.1696043076923077,-0.1921347692307692,0.014561924278846153,0.06104731929186514,0.06273105612475077,-0.3599449068627885,-0.04165400341273085,2.703673717130193,4.307882318539388,Normal
4476,0.1990190769230769,-0.17440246153846153,0.015563644831730788,0.06607095660339597,0.06784788345276217,-0.016599195705297647,-0.2597159267284832,2.9333129759551047,4.359382663014484,Normal
4477,0.18984,-0.1829556923076923,0.012394280048076932,0.06361429839730418,0.06477997534665111,-0.16552699070645585,-0.2727433128428056,2.9305352307426284,5.226602521112327,Normal
4478,0.2238443076923077,-0.20840676923076928,0.015949094350961538,0.06714503616723252,0.0689813504040598,-0.2571618708776403,0.03053306816183277,3.2449974722317654,4.325095136195056,Normal
4479,0.21174461538461534,-0.16188553846153847,0.01746216706730768,0.0632822252992943,0.06561750175242341,0.08135722868439907,0.3000815873560114,3.2269533238789467,3.7576952218760513,Normal
4480,0.17002153846153847,-0.20235692307692305,0.011792066105769241,0.06437655351059313,0.06541671236990579,-0.25053649752935536,-0.36498294814481147,2.5990535491929574,5.547519135590735,Normal
4481,0.2150824615384616,-0.1693956923076923,0.01726455288461537,0.06347419188708818,0.06575031009846558,-0.009026964870305243,-0.08343801337452694,3.27120071702112,3.808399240796812,Normal
4482,0.20506892307692307,-0.16793538461538465,0.0152772061298077,0.06485128576445279,0.06659560926977247,-0.1700032766071378,-0.177906751700593,3.07931596880822,4.35914844009575,Normal
4483,0.18963138461538465,-0.2002707692307692,0.014619782451923071,0.06253060951596923,0.06418720067650865,-0.35430025670180026,0.10699112258491937,2.9543488829041,4.3904347337306335,Normal
4484,0.20527753846153848,-0.2173772307692308,0.016993801081730767,0.06300764977011028,0.06522941274347302,-0.19165772684335364,-0.011691407414922585,3.1470088389241084,3.8384239305706638,Normal
4485,0.2075723076923077,-0.1858763076923077,0.014519549278846152,0.06537064476483742,0.0669325432282384,-0.1576237183355466,-0.29955805375879097,3.1012165036743187,4.609822381040013,Normal
4486,0.1802436923076923,-0.17252492307692308,0.015392718750000003,0.06389659398591988,0.06569416586598592,-0.0942158185331608,-0.3261170552440977,2.7436788325371824,4.267872812656044,Normal
4487,0.18337292307692307,-0.1933864615384616,0.015819728365384637,0.06069802229169055,0.06269701600055831,-0.28179609132185435,-0.07331122307599669,2.9247472172406126,3.9632169751881774,Normal
4488,0.20527753846153848,-0.19192615384615386,0.016363676682692344,0.06459021147911755,0.06660023436049442,-0.1301715041821999,-0.3338520548605115,3.0822344760892304,4.070004293774434,Normal
4489,0.17169046153846151,-0.1783661538461538,0.01385621754807694,0.06221979434893539,0.0637143390801019,0.012592929303864657,-0.3226013582326255,2.6946910855123463,4.598249043004136,Normal
4490,0.15813046153846153,-0.21612553846153845,0.014549089543269243,0.061767193165398124,0.06342819870013315,-0.2295636370477809,-0.1860494451227508,2.4930624671535813,4.359599170209009,Normal
4491,0.1639716923076923,-0.18274707692307693,0.015074498798076947,0.06136401824797516,0.06315936954817843,-0.24639444774402414,0.10123473060226916,2.5961578381907926,4.189815555011067,Normal
4492,0.2004793846153846,-0.19588984615384614,0.013911834735576922,0.06291419812823956,0.06440395986063016,-0.17564823398955495,-0.035078468115696815,3.1128425185224784,4.629436812955307,Normal
4493,0.2321889230769231,-0.214248,0.01472123798076924,0.06331485447422029,0.06497361641117566,-0.2675495324974945,0.17329900905564433,3.573587802278863,4.413597314033812,Normal
4494,0.20193969230769232,-0.20131384615384607,0.017767959735576915,0.06899548717082467,0.07121396518377814,-0.07082578513380157,-0.06816424072586136,2.835675443525117,4.007999018659745,Normal
4495,0.19797599999999999,-0.2056947692307692,0.013435727163461551,0.06730027036151269,0.06859607849462128,-0.004960767527700385,0.005568137680495688,2.8861125059142214,5.1054980247863515,Normal
4496,0.1983932307692308,-0.1814953846153846,0.016989930288461543,0.06550864366066132,0.06764502437243182,-0.12908057743567844,-0.2993692113511939,2.9328577025405638,3.9814774530518187,Normal
4497,0.18754523076923074,-0.1704387692307692,0.017352969951923092,0.06279417898497337,0.06511822930831275,-0.05672581445160184,-0.3567379046190613,2.880072642658442,3.752569703556493,Normal
4498,0.17481969230769231,-0.18379015384615385,0.014706569711538482,0.061779810932714035,0.06347677481949762,-0.13741289594251385,-0.35511840330164723,2.754073325319522,4.316218945992213,Normal
4499,0.16167692307692308,-0.16021661538461535,0.01608518329326924,0.05650957804713326,0.05872773658128185,-0.2938774324605797,0.010181378722252443,2.7529908777116736,3.65104553119119,Normal
4500,0.18232984615384606,-0.15333230769230768,0.016012249399038475,0.06168667690735032,0.06370182240749955,-0.12945334380965226,-0.4740631278349037,2.862239089291433,3.9783181500610905,Normal
4501,0.2275993846153846,-0.19651569230769228,0.015850083533653858,0.06647839097103778,0.06831021751386677,-0.15696424034790565,-0.22920244872541984,3.3318498007883317,4.309770189464703,Normal
4502,0.16021661538461535,-0.17023015384615384,0.013687736177884637,0.06406309842348107,0.0654784453854928,-0.3183049009537031,-0.2776962413821957,2.446860404845721,4.783730818196712,Normal
4503,0.24887815384615386,-0.25847446153846154,0.015905904447115378,0.0724952544632667,0.07418508833510509,-0.20331649008489724,0.3316842827086428,3.3548272224457585,4.66399685612087,Normal
4504,0.2073636923076923,-0.16292861538461534,0.013352199519230768,0.06113515964558953,0.06254709479253168,0.005169943099630776,-0.15588525058020594,3.3153209273031212,4.6844038469052975,Normal
4505,0.16021661538461535,-0.20819815384615384,0.013695274038461531,0.06652373639357087,0.06788701162766311,-0.5529885030757831,0.0035699081863089788,2.360048137975911,4.9569662817268645,Normal
4506,0.21111876923076925,-0.19735015384615384,0.01610840805288461,0.0682322778795219,0.07007551660553188,-0.13711916051763687,-0.14078480297745388,3.012732255963179,4.350244690566,Normal
4507,0.2075723076923077,-0.17628,0.014159972956730769,0.06265200057130968,0.06420237328274718,-0.058605378608793,-0.0861428005126994,3.233093997602853,4.534074569134638,Normal
4508,0.1867107692307692,-0.19693292307692306,0.013255022235576943,0.06589828181955895,0.06718659358079375,-0.3684255976217504,-0.1013587130333642,2.7789884749290685,5.068765060269954,Normal
4509,0.19004861538461532,-0.1860849230769231,0.016438444110576926,0.06885842680364003,0.07076068846621966,-0.23309902514205436,-0.2362553710926938,2.6857937578623527,4.304585518570482,Normal
4510,0.16772676923076926,-0.2021483076923077,0.013047629206730771,0.06356264674061217,0.06485757604899231,-0.1252036711926151,-0.05843260995031496,2.586078287971652,4.970832250163483,Normal
4511,0.1942209230769231,-0.16167692307692308,0.011742764423076923,0.06388535231241521,0.06492491874852227,-0.03460276865205657,-0.3483261565474232,2.991469636322705,5.528929680385275,Normal
4512,0.1779489230769231,-0.2029827692307692,0.014748333533653832,0.06436050499011571,0.06599805114214374,-0.1698527778190631,-0.15963960879241235,2.6962754202190666,4.474949728492684,Normal
4513,0.1612596923076923,-0.1777403076923077,0.014555812499999982,0.0630863527084944,0.06471377725276335,-0.23292346781263715,-0.3778347995243045,2.4918912039059857,4.445906214631677,Normal
4514,0.1777403076923077,-0.20277415384615385,0.012489623798076931,0.059110836676579036,0.06038766030380875,-0.20960041488259726,-0.012113168963435506,2.9433216454835445,4.835026361090782,Normal
4515,0.2092412307692308,-0.26076923076923075,0.01336910877403844,0.07276717145985782,0.07395014099672848,-0.4203393239009478,0.36664090740136057,2.82949062637335,5.5314189035796275,Normal
4516,0.21299630769230768,-0.18337292307692307,0.015834804086538472,0.06895695975249361,0.07071887798346625,-0.008651056451949414,-0.04292592445483257,3.0118734030551964,4.466040602522262,Normal
4517,0.18358153846153846,-0.17377661538461536,0.008762457331730773,0.07063169023578393,0.07113890928475415,-0.163461416731222,-0.5605548430961034,2.5806065950027435,8.118602646673622,Normal
4518,0.1942209230769231,-0.1975587692307693,0.009998259014423076,0.06387491833368711,0.06462186932752909,-0.1460047668229999,0.006872398879035568,3.005498372269842,6.463312186082423,Normal
4519,0.2154996923076923,-0.19004861538461532,0.01100038701923078,0.0652939032577231,0.06618261814364583,-0.10958264886417277,-0.10056176329379474,3.2561373114608703,6.0163899713660935,Normal
4520,0.17481969230769231,-0.2056947692307692,0.008276774639423072,0.06449763091631115,0.06499528403316206,-0.10460277219141366,-0.1691293006319321,2.6897288766135,7.852730908436637,Normal
4521,0.1856676923076923,-0.21132738461538456,0.012302195913461529,0.06645559786727617,0.06755277695123439,-0.2564947479136753,-0.10406361776888716,2.748483492273364,5.4911153607394265,Normal
4522,0.20819815384615384,-0.18754523076923074,0.010347241586538472,0.06617479084993504,0.06694693334846674,-0.18749037379734815,-0.17809213976999327,3.1098982945560434,6.470027087756722,Normal
4523,0.17273353846153844,-0.18316430769230768,0.007559862980769237,0.0664206678025121,0.06681727571404643,-0.1945140582694504,-0.1588173636386423,2.5851628432259792,8.838424173032774,Normal
4524,0.1785747692307692,-0.17398523076923075,0.011546372596153848,0.06375271438469825,0.06475923225711577,-0.10609210845038493,-0.09007457790394913,2.7575183183421283,5.608621384579897,Normal
4525,0.157296,-0.2236356923076923,0.0114726237980769,0.061048041177366924,0.06208739738009182,-0.30594616662611496,0.04723216621404802,2.5334610023520905,5.41178709185071,Normal
4526,0.15479261538461536,-0.1693956923076923,0.011756414062500005,0.06061970513270594,0.061720120708374286,-0.16237202883147245,-0.3676307456264398,2.5079765497544284,5.249910421685971,Normal
4527,0.19588984615384614,-0.21716861538461532,0.007327207932692311,0.06680664332745351,0.06717482449348691,-0.2001047326264852,-0.0838927819398041,2.9161199546243566,9.167861088501166,Normal
4528,0.16730953846153845,-0.17732307692307692,0.013611746394230786,0.0582004637679823,0.05974333199972195,-0.21959870148253746,-0.3636928287065886,2.8004721675436035,4.389101168167783,Normal
4529,0.19651569230769228,-0.17419384615384614,0.010322794471153843,0.06300877506815121,0.06381840459381725,-0.13211249488174714,-0.15924555466981616,3.0792949707603747,6.18227988285074,Normal
4530,0.20778092307692309,-0.1783661538461538,0.009957513822115398,0.06315192076168133,0.06390166261476181,-0.12954811421670662,-0.2981038149065913,3.2515730354240264,6.417431474997077,Normal
4531,0.19735015384615384,-0.19192615384615386,0.014749352163461543,0.06683193956520397,0.06840825762236251,-0.2090068292910109,-0.2715169722655681,2.8848878878862214,4.638051682827789,Normal
4532,0.19380369230769232,-0.1858763076923077,0.00951257632211538,0.06318477017951069,0.06386630994214489,-0.02560595361195396,-0.1523591127778028,3.0345215260323464,6.713881474324137,Normal
4533,0.1721076923076923,-0.16438892307692307,0.011133623798076923,0.06163515579535995,0.06260303629143557,-0.2927343497666542,-0.0734329230277897,2.749190814108125,5.6228805128343575,Normal
4534,0.17732307692307692,-0.18879692307692306,0.012229669471153849,0.05927547999011658,0.0604955875291316,-0.08275125063099682,-0.2706451310788203,2.9311737296160176,4.946624900355868,Normal
4535,0.15270646153846154,-0.2154996923076923,0.01076610216346153,0.06449485249486914,0.06535619984689676,-0.49567212524969706,0.1229544491364094,2.33652602042639,6.070553562895353,Normal
4536,0.20131384615384607,-0.1783661538461538,0.012578040865384624,0.06309921541328031,0.06431041831197183,0.029177216494965238,-0.10748957567278516,3.1303457734836435,5.112912177679212,Normal
4537,0.2271821538461539,-0.1933864615384616,0.010794827524038469,0.06510896969041684,0.0659664036705052,-0.0623586542756466,0.09380685502954034,3.4439069163282467,6.110927064245156,Normal
4538,0.21007569230769232,-0.18253846153846154,0.013093671274038463,0.06400583168324415,0.06530076559966769,-0.25983957421953785,-0.11593638104875705,3.217047922463583,4.987200627920381,Normal
4539,0.1804523076923077,-0.18858830769230767,0.009978090144230772,0.06506146355290565,0.065790748128674,-0.2405215735351515,-0.16981745061537226,2.7428219441946124,6.5935211225480375,Normal
4540,0.1927606153846154,-0.19547261538461536,0.011450417668269241,0.06318389827379094,0.06418269570650811,-0.25760511281504755,-0.03529299470838465,3.0033113016328086,5.605271140839485,Normal
4541,0.214248,-0.1983932307692308,0.011316977163461537,0.06649141895518698,0.06741561597831176,-0.16196465569536014,-0.008770789239522792,3.178017390939891,5.957033844335449,Normal
4542,0.1558356923076923,-0.1696043076923077,0.010221135216346152,0.06164286871519624,0.06245481634039762,-0.27896546343600914,-0.31676717740525584,2.4951749350817183,6.1103600547732455,Normal
4543,0.1923433846153846,-0.2065292307692308,0.012951266826923085,0.0699355277080601,0.0710910472738227,-0.020923442336932208,-0.4604233932587514,2.7055922228087597,5.489119189949719,Normal
4544,0.21967199999999998,-0.208824,0.013320621995192315,0.06738110552651305,0.06865288450009265,-0.1056657410025418,-0.11618127131195745,3.199749021466149,5.153879790663745,Normal
4545,0.1927606153846154,-0.21612553846153845,0.010264528846153852,0.06593729727595933,0.06669963940813542,-0.1626484093531118,-0.12034412607363487,2.889979872381502,6.498071212798818,Normal
4546,0.20798953846153845,-0.1869193846153846,0.014878310697115378,0.06825297676429765,0.06982323166693039,-0.15457585847314406,-0.039877715573760415,2.9788013745007773,4.69295426667409,Normal
4547,0.19505538461538466,-0.1814953846153846,0.012885259615384642,0.0652776602215325,0.06650595114476691,-0.3121842204593718,-0.015466112048413638,2.9329012104615666,5.161397839851102,Normal
4548,0.214248,-0.22405292307692307,0.012330106370192313,0.06834555446041163,0.06941602626224229,-0.3378654340691636,0.03812270854399369,3.0864342362469213,5.629799466292813,Normal
4549,0.19609846153846155,-0.2472092307692308,0.012698850360576934,0.06489598935169963,0.06609566893349299,-0.4113707137051649,0.5027243480547671,2.9668882197981894,5.2048545385403004,Normal
4550,0.1881710769230769,-0.1983932307692308,0.011719335937500014,0.06157330939867876,0.0626491248992249,-0.2833300771775309,-0.13527835833856194,3.003570715884093,5.3457913684987615,Normal
